Id	Area	Field	Class	Area (?m²)	ECD (?m)	Perimeter (?m)	Shape	Count	O Wt%	F Wt%	Mg Wt%	Al Wt%	Si Wt%	Cl Wt%	Ca Wt%	Br Wt%	La Wt%	Ce Wt%	Pr Wt%	Nd Wt%	Sm Wt%	Gd Wt%	Dy Wt%
3		AG02_01	PM2.5	1.229194416	1.251023157	3.87993653	0.974582929	55	26.52540803	28.20594907		29.7790885		6.658405811	8.241331577		0.07802028	0.054944807	0.061669387	0.069847272	0.084692653	0.105794414	0.134835963
4		AG02_01	PM2.5	0.335234841	0.653325536	1.978417097	0.929130466	16	0	0		0		5.291265994	91.01736546		0.982192345	0.303665246	0.33661183	0.376946712	0.448394893	0.551071856	0.692492258
2		AG02_01	PM2.5	0.335234841	0.653325536	1.978417097	0.929130466	20	42.96860993	0		3.712511435		0.009172942	0.019131912		41.02292061	7.128027081	0	5.139626563	0	0	0
5		AG02_01	PM2.5	0.782214628	0.997971241	3.060449336	0.952872057	53	80.78246713	0		2.869354188		0	0.15573994		8.999121189	0	0	4.936969653	2.114925534	0.141420017	0
8		AG02_01	PM2.5	3.352348407	2.065996747	11.05101539	2.898980907	152	55.35090566	0		1.212092768	18.6502248	0	1.721013896		2.93865595	1.910956204	0	0	7.356066257	0.630040746	10.23003832
10		AG02_01	PM2.5	3.24060346	2.03127164	6.569091101	1.059680187	103	56.5530479	0		9.509016573		4.34143953	0.098049769		1.036322024	1.722972281	0	0	0	26.73915029	0
9		AG02_01	PM2.5	0.223489894	0.533438066	1.530224668	0.83376305	13	21.84031606	20.85678875		0		0.009461933	2.371403016		42.29009748	7.345419377	0	5.286514387	0	0	0
13		AG02_01	PM2.5	2.681878726	1.847883667	6.67784082	1.32319279	56	33.87071192	0		28.81016731		6.273309141	0		12.13707328	18.90874952	0	0	0	0	0
12		AG02_01	PM2.5	1.117449469	1.192803778	3.694289147	0.971905435	55	48.17639291	28.1697154		13.48243207		9.130144119	0.343306432		0.063142425	0.067649287	0.07608945	0.086353294	0.105062616	0.131600385	0.168109499
11		AG02_01	PM2.5	0.335234841	0.653325536	1.978417097	0.929130466	7	0	1.143378671		3.974403813		0.018907088	4.904852062		0	0	13.06862384	74.81380105	2.076038532	0	0
15		AG02_01	PM2.5	0.446979788	0.754395348	2.164064479	0.83376305	13	74.27531481	24.40480143		0		0.017325123	0.031543378		0.113957759	0.122391793	0.137912412	0.156857353	0.191514939	0.240507093	0.307874661
14		AG02_01	PM2.5	0.893959575	1.066876133	3.508641765	1.095847984	42	0	0		58.33137035		0	0		0.492531946	2.005171031	0	39.17092979	0	0	0
16		AG02_01	PM10	22.23724443	5.321028	27.99223646	2.804041018	724	70.53079009	0		1.838544197		0	26.46512389		0	0.504868431	0	0	0.660673203	0	0
19		AG02_01	PM2.5	3.128858513	1.995942481	6.306546055	1.01155	105	57.64783025	0		18.90920401		0	1.455062721		0	0	0	0	0	0	21.98790461
18		AG02_01	PM2.5	0.223489894	0.533438066	1.530224668	0.83376305	24	0	10.30810103		28.81175578		1.175406203	0.205762358		12.46944144	0	0	0	26.058653	18.66632402	2.304564975
17		AG02_01	PM10	6.14597208	2.79737282	12.79873949	2.120967198	226	59.44811106	6.400769204		15.88221341		0.455988385	5.819174275		2.520750836	1.737195998	0	0	0	7.735803723	0
20		AG02_01	PM10	7.263421549	3.04106487	9.738290157	1.038997031	268	51.95770264	0.267543714		7.373226434	34.05846357	2.760091424	1.237030979		0	0	0	0	0	2.345957235	0
22		AG02_01	PM10	6.369461974	2.847779989	9.81518782	1.203606753	187	40.86940289	0.589810126		1.910249144	36.8086189	0.36000777	0		0	0	0	9.27855745	6.549488008	3.633866459	0
21		AG02_01	PM2.5	3.24060346	2.03127164	8.361860816	1.716999281	104	44.55318749	10.51004082		0		0	41.39332175		0	0	0	0	0	0	3.54344435
26		AG02_01	PM2.5	0.782214628	0.997971241	3.060449336	0.952872057	49	36.03180945	11.35861799		10.45803949		0.004635138	0.012080229		0	11.42477542	7.595283538	0	0	4.980117083	18.13464761
27		AG02_01	PM2.5	2.458388832	1.769213915	7.311680631	1.730509503	78	63.0976975	0		2.379322425		3.570517898	5.564971268		1.202763058	0.965819973	0	1.370920707	0	0	21.84798419
23		AG02_01	PM2.5	0.446979788	0.754395348	2.164064479	0.83376305	39	34.94204581	0		0		0.861323718	5.972345918		31.37265742	3.282963857	0	0	0	1.535984594	22.03267366
28		AG02_01	PM10	9.610065434	3.497987327	11.79360492	1.151746606	463	46.7254132	0		2.391618118	36.66634858	0.937326998	3.104470856		0	5.832005292	1.529765408	0	0	2.794764936	0.01828636
29		AG02_01	PM2.5	0.335234841	0.653325536	1.978417097	0.929130466	54	8.610244095	7.609932125		0		0	0		4.885127023	6.049551815	0	0	29.31189537	43.53325069	0
30		AG02_01	PM2.5	2.570133779	1.808976496	5.858353627	1.062638565	97	63.29038739	0		5.228031427		2.298594452	0.138330285		0	0	0.303160003	1.801897027	0	9.577485919	17.3621133
32		AG02_01	PM2.5	0.223489894	0.533438066	1.530224668	0.83376305	12	0	0		0		0.602201978	57.03880787		4.032027721	4.262023419	4.726630077	5.304512009	6.336528063	7.82963559	9.867630154
31		AG02_01	PM2.5	0.335234841	0.653325536	2.164064479	1.111684066	24	66.83887839	29.01175022		0.602149777		0.024149062	1.997753978		0	0	0.277495407	0.218533259	0.266601541	0.334585714	0.428102585
33		AG02_01	PM2.5	0.223489894	0.533438066	1.530224668	0.83376305	25	40.42693377	7.692632824		0.024637434		0.886199996	5.635396764		21.9895795	18.61829758	0	4.726327211	0	0	0
34		AG02_01	PM10	9.721810381	3.518265684	11.34541249	1.053618944	379	35.2761656	3.790725023		9.590632468	25.90854764	0	2.049425058		3.647674993	4.643180221	7.384037971	0.033428587	3.335773572	0	4.340412468
36		AG02_01	PM2.5	1.005704522	1.131593022	4.590674005	1.6675261	60	49.49940741	14.09326345		1.892695948		0.337920105	14.85067606		3.043105081	1.735508814	0	2.495813742	12.05160767	0	0
38		AG02_01	PM2.5	2.90536862	1.923338301	6.306546055	1.089361538	118	37.62089014	9.165593982		3.136843815		0	0.318561913		10.98608375	6.215080991	7.755824178	0	0	6.814903766	17.98621267
39		AG02_01	PM2.5	2.793623673	1.88598837	6.044001009	1.040569974	126	46.71329856	2.279545553		2.536102757		3.719725087	4.778049141		23.44419509	14.44105655	0	0	2.088029496	0	0
41		AG02_01	PM10	6.034227133	2.771825501	9.104450346	1.093140402	244	63.18632364	1.45730786		6.320411712		0	4.98912856		11.31534502	12.73147762	0	0	0	0	0
37		AG02_01	PM2.5	2.90536862	1.923338301	7.202930912	1.421043567	91	28.35560441	18.16441566		15.34213126		0	0.031367227		10.89666113	0.311197317	0	19.84954625	6.078935042	0	0.970141497
42		AG02_01	PM2.5	1.117449469	1.192803778	3.694289147	0.971905435	62	52.93947458	15.08764625		0		0	5.136720464		12.81322539	9.823267907	0.075753703	2.083594538	0	0	2.040319517
40		AG02_01	PM10	7.486911443	3.087496027	14.66840687	2.286932443	221	64.91267681	0		7.331807911		1.332613453	2.956078574		0	11.3135621	5.296846852	0	0	0	6.856415421
43		AG02_01	PM2.5	3.911073142	2.231531534	9.104450346	1.686559478	147	75.94458461	0		7.990258187		3.531560302	0		0	0	0	0	10.47727242	0	2.056322806
44		AG02_01	PM2.5	0.223489894	0.533438066	1.530224668	0.83376305	8	86.54541373	0		0		0.182956562	0.324689387		1.160348486	1.24668628	1.401487179	1.596321538	1.95186995	2.452009171	3.13822329
45		AG02_01	PM2.5	2.011409044	1.600314199	5.224513816	1.079894928	63	32.66597688	0		10.31617597		5.221899971	4.235094786		25.82958937	4.994277656	0	1.522717346	0	1.833513938	13.38075995
46		AG02_01	PM2.5	0.558724735	0.84343964	3.585539429	1.831054384	48	77.7752459	0		0		0.009025252	15.11215717		0	0	3.11200358	0	1.384805515	1.972572692	0.634185737
47		AG02_01	PM2.5	0.335234841	0.653325536	1.978417097	0.929130466	34	12.84447759	1.746062003		0		13.2365346	0		26.42211318	15.23002833	0	0	14.31802362	13.56936544	2.633393556
48		AG02_01	PM10	45.59193834	7.619019544	26.83330655	1.256754543	1273	55.42184114	3.904905543	7.081826031	9.364299476	16.50742441	0.269815978	1.8578697		0	2.940939739	0	0	0	2.651064284	0
49		AG02_01	PM10	14.97382289	4.366378755	14.43771388	1.107782005	381	55.85178733	0.737115135		19.05740052		0.437563425	2.594278194		0	1.994878054	0.53073233	0	0	0.708882045	18.08736026
50		AG02_01	PM10	10.7275149	3.695767335	14.03456706	1.461130645	310	66.0482347	0		10.72151512		0	1.281945221		0	0.254127686	0	0	5.435062945	3.927015886	12.3320967
51		AG02_01	PM10	24.91912316	5.632762469	20.5267605	1.345544947	605	51.46514773	9.771711379		6.073246524	12.15153411	0.209631119	1.018387452		0	1.746411808	1.079087891	0	0	7.285817713	9.199017286
52		AG02_01	PM2.5	3.911073142	2.231531534	7.311680631	1.087748831	147	54.33362126	0		16.03039652		0	0		7.625732571	11.86861247	0	0	2.902097814	1.854327135	5.38520962
55		AG02_01	PM2.5	1.005704522	1.131593022	5.038866433	2.009025393	46	28.73513103	0		54.60162163		1.561974268	0		3.629923239	7.765410841	2.334041521	1.110640727	0	0.26126022	0
53		AG02_01	PM2.5	1.564429257	1.411344463	4.328128958	0.952872057	83	56.55260086	0		6.969899684		0	0.219159038		0.296213874	0.034648229	0	0	0	0	35.92747152
57		AG02_01	PM2.5	1.899664097	1.555225852	4.776321387	0.95565339	60	47.5702703	0		23.38968366		0	0.263155159		0	17.3196435	11.45725325	0	0	0	0
58		AG02_01	PM2.5	1.45268431	1.360005555	4.776321387	1.249700586	87	66.37684703	0		18.81235391		3.028402664	11.57902479		0	0	0	0	0	0.203369791	0
56		AG02_01	PM10	11.95670932	3.90176308	13.61822669	1.234296743	433	39.55838382	3.924149647		5.93796894	26.99447572	0.699170912	0.159045169		0.830709562	0.2663814	2.599026822	2.499637753	2.690107189	0	13.84095252
59		AG02_01	PM2.5	0.223489894	0.533438066	1.530224668	0.83376305	8	44.6121484	28.00065875		23.80469441		0.050167821	0.087435124		0.310821226	0.33324752	0.374816265	0.425773347	0.518736336	0.650306605	0.831195898
65		AG02_01	PM2.5	0.335234841	0.653325536	1.978417097	0.929130466	18	94.91569996	0		0		0	3.634737432		0	0	0.193513802	0.220004492	0.268380041	0.336780841	0.430890499
63		AG02_01	PM2.5	0.670469681	0.923941834	3.322994383	1.310600129	59	0	0		95.19158602		4.076005146	0.732412096		0	0	0	0	0	0	0
64		AG02_01	PM2.5	2.570133779	1.808976496	6.863488203	1.458559632	98	56.91702962	0		15.13354778		0.657403562	0.15933672		0	0	0	0	8.424001932	18.70867461	0
60		AG02_01	PM2.5	1.229194416	1.251023157	4.142481576	1.110940318	57	98.83951545	0		0		1.16048893	0		0	0	0	0	0	0	0
61		AG02_01	PM2.5	0.223489894	0.533438066	1.530224668	0.83376305	16	0	7.035351545		31.28574193		5.6338083	0.072209025		0	0	22.20245749	0	9.671231359	18.65348071	5.445724726
62		AG02_01	PM10	6.14597208	2.79737282	10.71157268	1.485614161	224	54.40652966	4.989917576		16.07480645		0.490875961	1.874425448		0	5.887062103	2.281676792	0	1.474961266	0	12.51975298
68		AG02_01	PM2.5	1.229194416	1.251023157	5.858353627	2.221880636	53	45.64237893	36.54258251		7.560569048		0.198309775	0		10.05615667	0	0	0	0	0	0
66		AG02_01	PM10	20.44932528	5.102635556	33.81873803	4.450675673	712	46.7258811	6.689551473		5.461930111	28.60639393	0	0.540988753		1.738398895	0.233743875	0	0	0	4.666742682	5.336371437
69		AG02_01	PM2.5	2.570133779	1.808976496	6.569091101	1.336118496	104	46.28693163	0		1.653789356		1.206968632	33.30989182		0	1.215875335	6.324950606	4.678494111	0	5.32309413	0
73		AG02_01	PM2.5	0.670469681	0.923941834	3.246096719	1.250644575	47	34.32491422	16.8005228		0		0.01258557	0		0	4.625951499	26.61120594	17.62481928	0	0	0
72		AG02_01	PM2.5	0.335234841	0.653325536	1.978417097	0.929130466	14	0	48.6879468		5.299355835		31.07452691	10.8054325		0	0	0.38976667	0.665748818	1.087095123	1.160382852	0.82973931
71		AG02_01	PM10	8.380871018	3.26662768	10.8203224	1.111684066	465	59.0811193	0		0.653872406	37.66188025	0	1.28842108		1.314714737	0	0	0	0	0	0
74		AG02_01	PM10	10.50402501	3.657067134	13.4325793	1.366951845	376	42.49988794	6.002652273		10.7466422	23.82742465	0.402432773	0.788926519		1.296941005	9.857516736	4.577575251	0	0	0	0
70		AG02_01	PM10	5.810737239	2.72001111	10.0008352	1.369718875	240	41.40358865	7.881587744		0	28.79836559	0.774811627	0.279208063		0	1.2746091	4.697477072	0	3.519307077	1.303908136	10.06714478
75		AG02_01	PM2.5	2.123153991	1.644166543	5.410161198	1.097056644	76	59.73080993	0		0		1.162149198	27.86359787		2.738971636	1.779667288	1.503636967	3.165848553	1.598446071	0.456862058	0
78		AG02_01	PM2.5	0.558724735	0.84343964	2.612256908	0.971905435	20	34.53609645	0		5.260320753		5.302273482	0.013978947		0	0	19.06383634	10.38614362	11.76500171	10.43232232	3.240030259
77		AG02_01	PM10	7.375166496	3.06436839	11.26851482	1.370098112	196	46.31314874	7.51831159		5.403574556	21.09173685	0.13628559	0.80344053		0.349965808	1.288632676	4.764397442	12.3304978	0	0	0
79		AG02_01	PM2.5	1.899664097	1.555225852	5.224513816	1.143418159	104	61.68655753	6.207108498		1.631424204		2.288510278	4.167583212		0	0	0	6.131694093	0	2.560932934	15.32618254
82		AG02_01	PM2.5	2.011409044	1.600314199	6.120898673	1.482245422	82	54.61341143	0		12.23221719		0	4.727689177		0	0	8.075562865	20.35112083	0	0	0
81		AG02_01	PM2.5	1.45268431	1.360005555	4.328128958	1.026169907	77	47.3148644	0.671705231		20.97556293		0	0.315953093		21.37976885	4.38946709	0	1.897424459	0	3.055256605	0
83		AG02_01	PM2.5	0.446979788	0.754395348	2.164064479	0.83376305	13	0	0		0		0.00592353	1.083432697		0	0.198198901	0.810520072	0	0.042015413	30.7354331	67.12447405
85		AG02_01	PM2.5	0.223489894	0.533438066	1.530224668	0.83376305	19	57.6144278	36.8248105		0.228234055		0	3.260225803		0	0.163456902	1.182058547	0	0.162813277	0.302465283	0.261507137
86		AG02_01	PM10	7.59865639	3.110451704	11.08286744	1.286345429	300	55.3493619	15.56842774		7.15271309	19.61633414	0	0.354662444		0	0	0	0	0	1.958497427	0
84		AG02_01	PM10	17.65570161	4.741301243	28.88862131	3.761480264	712	45.29216886	0		0	29.66937125	0	1.11108413	16.98059589	0.589330401	1.630009525	0.412907498	1.021911483	0	3.292619064	0
87		AG02_01	PM2.5	0.558724735	0.84343964	2.874801954	1.177085747	25	73.87362123	0		0		0	24.521631		0.239386223	0.146702002	0.164600753	0.18639731	0.225956319	0.282175071	0.359525555
89		AG02_01	PM2.5	4.581542823	2.415243569	11.05101539	2.121205541	193	42.21735299	27.88969278		19.50751692		0	0		9.378393739	0	0	1.007055212	0	0	0
91		AG02_01	PM2.5	4.69328777	2.444520318	10.89722006	2.013466436	197	56.21671677	1.471260842		13.39094937		0	4.539554194		0.739840604	0	0	0	6.928823888	1.993168518	14.71969336
93		AG02_01	PM2.5	1.564429257	1.411344463	4.853219051	1.198102555	75	59.04287696	0		5.197747797		0	1.943741739		2.040324546	3.186447918	0	0.469681853	20.85249126	5.323196203	1.943493448
94		AG02_01	PM2.5	1.899664097	1.555225852	5.224513816	1.143418159	68	7.261159271	30.60795069		12.30485365		0.018456038	32.53589571		0.347746536	11.82548925	5.098443478	0	0	0	0
92		AG02_01	PM2.5	0.335234841	0.653325536	1.978417097	0.929130466	44	63.3839488	8.278780431		9.077583998		0	14.40044641		2.928134054	1.056683902	0.150284416	0.530915894	0.074383919	0	0.118839694
96		AG02_01	PM2.5	1.229194416	1.251023157	3.87993653	0.974582929	56	35.26458144	0		0		0.059051986	0		0.567780621	24.05818105	22.30111659	13.22866231	0	0	4.520627856
95		AG02_01	PM10	21.90200959	5.280767437	18.91963817	1.300564286	636	47.19360173	10.15181318		17.00036526	17.78342873	0	0		1.845220104	2.475002594	3.550562635	0	0	0	0
97		AG02_01	PM2.5	2.90536862	1.923338301	6.306546055	1.089361538	115	61.47940755	6.793436408		15.79414755		0.392650533	0		0	0	0	10.0913696	0	5.448991805	0
