Id	Area	Field	Class	Area (?m²)	ECD (?m)	Perimeter (?m)	Shape	Count	O Wt%	F Wt%	Na Wt%	Mg Wt%	Al Wt%	Si Wt%	Cl Wt%	K Wt%	Ca Wt%	Ti Wt%	Fe Wt%	Br Wt%	La Wt%	Ce Wt%	Pr Wt%	Nd Wt%	Sm Wt%	Gd Wt%	Dy Wt%
5		AG02_03	PM2.5	0.223489894	0.533438066	1.607122332	0.919665974	27	7.565280795	5.966265127			11.71436086		0.008066881		0.012185443				7.948040962	12.96020895	0	0	38.75951767	11.44019961	3.625866771
6		AG02_03	PM10	6.928186708	2.970057456	11.34541249	1.478465292	279	48.38194847	12.17260286			0.346163381	35.57885289	0		0				1.069453266	0.705657247	0	0	0	1.745314151	0
4		AG02_03	PM10	10.39228006	3.637562637	11.60795753	1.031789052	381	42.26751924	0.611593388			0	18.08900684	0		1.947456785			32.50963092	0	0.676612323	1.463429723	0.32193677	2.112820372	0	0
1		AG02_03	PM2.5	1.005704522	1.131593022	3.694289147	1.079894928	43	65.7738924	0			11.63202226		0.942309387		9.806207567				0	0	5.145541206	0	1.965188794	3.583870083	1.150968019
2		AG02_03	PM2.5	0.670469681	0.923941834	2.79790429	0.929130466	44	44.73265111	0			13.09533417		0		0				0	1.313693356	0	0	0	0	40.85832834
8		AG02_03	PM2.5	0.558724735	0.84343964	2.689154571	1.029968091	38	13.26248795	0			0		0		29.31173742				0	0	36.25403643	21.17174417	0	0	0
7		AG02_03	PM10	5.922482186	2.746040517	9.923937539	1.323288131	251	58.76720548	0			0	31.317541	0		2.516861632				4.154426232	3.243966028	0	0	0	0	0
10		AG02_03	PM10	10.05704522	3.578411335	22.69082498	4.073993248	449	50.55547953	7.32049197			2.818150446	27.19546258	1.296797395		0.417915918				0	0	0	10.39570943	0	0	0
9		AG02_03	PM2.5	2.123153991	1.644166543	5.410161198	1.097056644	96	38.00472617	21.18690163			5.472589657		0		1.287175994				5.197114497	24.13023114	4.721274599	0	0	0	0
13		AG02_03	PM2.5	1.45268431	1.360005555	4.96196877	1.34873598	64	63.74950409	0			0		5.565357581		1.312380657				0	17.0664534	12.30630279	0	0	0	0
11		AG02_03	PM10	7.039931655	2.993913722	10.44902763	1.234165632	288	58.42269063	0			5.473652855	20.90016901	0		2.193639986				0	0	0	6.346102059	4.388507083	1.369666681	0.905576255
12		AG02_03	PM10	17.54395666	4.726273309	19.10528555	1.65565428	563	63.00800443	0			12.31194809	15.11461586	1.483453903		0				0	0.493385829	6.017160788	0	0	1.571412571	0
14		AG02_03	PM2.5	4.022818089	2.263186044	9.443893055	1.764257054	171	50.55246353	15.43195993			2.880515344	22.69067466	0		0.06208854				0	0	4.634747654	2.307910472	0	0	1.439642534
15		AG02_03	PM10	23.13120401	5.426929487	19.18218321	1.265866674	777	40.48213363	0		5.740763992	6.931369007	10.42185426	0.041015897		0.021237748		15.44616967		0	0	0.312596839	1.197799016	3.65183875	3.063007258	12.69021332
17		AG02_03	PM2.5	1.229194416	1.251023157	4.142481576	1.110940318	60	46.7810452	15.49919844			0		6.478273869		13.50830495				2.077489719	0	0	0	0	7.945991307	7.709689438
16		AG02_03	PM10	7.263421549	3.04106487	9.738290157	1.038997031	216	46.42691016	20.81363797			14.35307115		0		1.681456156				0	0	0.582957268	12.74069101	0	3.401273116	0
18		AG02_03	PM2.5	0.670469681	0.923941834	2.874801954	0.980904789	28	40.52467644	37.2128576			21.97086811		0.023551164		0.268042716				0	0	0	0	0	0	0
20		AG02_03	PM2.5	0.335234841	0.653325536	2.240962143	1.192092698	24	43.98824573	4.672485217			2.849428728		0		0.026463924				0	1.2063751	17.91998148	0	3.618849441	3.11306417	22.60510325
19		AG02_03	PM2.5	2.570133779	1.808976496	11.01916333	3.759513489	185	49.77330863	0			4.002145678		0		0			40.1689738	1.784350164	0	0	4.026210681	0	0	0.24500452
21		AG02_03	PM2.5	0.223489894	0.533438066	1.530224668	0.83376305	26	38.57645392	25.14315844			3.366712108		7.895348966		15.57396799				0	0	0	4.446385801	3.265595064	1.732382178	0
22		AG02_03	PM10	45.81542823	7.637670783	26.78826094	1.246428662	1728	47.7018714	0			18.33723933	17.88538396	0.099957839	9.271036834	0.821576361				0	0	1.929181442	1.973163709	0.24858946	0.203031558	1.528966334
25		AG02_03	PM2.5	1.117449469	1.192803778	3.694289147	0.971905435	57	42.01849103	11.72339916			7.270707935		0		0.007026213				0	0	9.235082567	23.74869585	0	4.898104444	1.098496746
23		AG02_03	PM10	5.363757451	2.613302144	8.733155581	1.131523035	190	62.24184632	0.400345447			28.69259417		0		0.050670689				0.54797451	0	0	0	0	0	8.066568524
24		AG02_03	PM2.5	1.564429257	1.411344463	4.96196877	1.252397696	136	49.9045372	2.976485156			9.1887407	31.32125139	0.011929801		1.0007984				0	0	0	5.596261844	0	0	0
26		AG02_03	PM10	6.48120692	2.872651902	11.42231015	1.601924877	260	53.97538543	0			11.48296595	15.26241153	1.194205228		2.112130634				3.629549593	5.027645081	0	0	3.816809505	2.281398885	1.217505243
27		AG02_03	PM2.5	0.446979788	0.754395348	2.79790429	1.393695698	18	40.80966115	7.050731778			12.74586916		0.007838988		0.012952283				19.79464442	17.134206	1.274570636	1.169526763	0	0	0
28		AG02_03	PM10	28.49496146	6.023363824	24.03540226	1.613336101	818	39.62901533	2.212481946			2.501804195	47.76687324	0		1.816892996				0	0	0	0	0	0	6.072929129
30		AG02_03	PM2.5	0.223489894	0.533438066	1.530224668	0.83376305	9	35.09044647	53.4060359			0.788055453		0.147423637		0.259658811				0.925841834	0.994047523	1.117540989	1.271876879	1.553533319	1.950383931	2.495148778
29		AG02_03	PM10	24.24865348	5.556468709	21.16060031	1.469462396	670	36.52183414	1.937921904			0	10.07105857	0.32572106		0		15.97611755	25.30999482	0	0	1.375074405	2.114151232	1.93765536	0	4.430475459
31		AG02_03	PM2.5	0.223489894	0.533438066	1.530224668	0.83376305	15	37.31086552	12.434306			8.108084649		0.065605191		0.030157217				4.243697599	0	0	37.34143078	0	0	0.46584825
35		AG02_03	PM2.5	0.782214628	0.997971241	3.246096719	1.071981064	29	48.66726696	28.75326872			18.28031391		0.454685511		1.000027824				0.052786636	0	0	0.612185383	0	2.179466374	0
32		AG02_03	PM2.5	1.899664097	1.555225852	5.595808581	1.311713598	72	64.26837444	10.71989983			4.7084447		0.430633454		0				13.27056587	0	0	6.602088362	0	0	0
33		AG02_03	PM10	15.19731278	4.398842985	16.67867602	1.456620707	302	31.47901297	0.228325138			0	14.15773183	0		0			47.31251597	3.221508861	2.397942171	0	0	0	0	1.202967856
34		AG02_03	PM2.5	3.687583248	2.166835669	7.388578295	1.178067194	178	40.92385769	2.151293494			0	35.87560952	0.899040699		0.382389291				5.466379225	4.520358145	6.039760634	2.476911061	1.264403574	0	0
36		AG02_03	PM2.5	0.558724735	0.84343964	2.612256908	0.971905435	27	2.387959883	6.232052296			9.833198041		0.00999414		3.357066959				0	9.351279587	20.64019293	44.75812614	3.249662369	0	0.180466636
37		AG02_03	PM2.5	0.782214628	0.997971241	3.246096719	1.071981064	35	0	19.89858449			13.16418797		0		62.39235401				0.797594339	0.413662987	0.460472144	0.517732324	0.620126259	0.766748516	0.968543906
39		AG02_03	PM2.5	1.564429257	1.411344463	4.776321387	1.160436259	55	38.25618625	0			14.64796513		0		1.032850798				0	1.352000888	0	0	0	25.76287985	18.94812435
38		AG02_03	PM2.5	3.017113566	1.959976608	6.569091101	1.138175015	153	72.85448313	8.416970074			0		1.85922496		0				10.45461372	6.063500047	0	0.310523226	0	0.04069453	0
40		AG02_03	PM2.5	1.78791915	1.508790696	4.96196877	1.095847984	78	49.80265498	6.688424945			11.03438661		0		0				0	0.503765652	0	0	0	31.97076917	0
42		AG02_03	PM2.5	0.223489894	0.533438066	1.530224668	0.83376305	13	67.56419539	15.4117763			5.066208169		9.973205626		0.049060304				0.174676103	0.187267852	0.210690196	0.239276025	0.291429274	0.36530525	0.466904603
44		AG02_03	PM2.5	1.005704522	1.131593022	3.694289147	1.079894928	47	47.25194871	29.28359807			4.718970507		4.528306797		0.015456999				3.364266083	0	0	10.83745211	0	0	0
46		AG02_03	PM10	30.5063705	6.232328401	22.35138227	1.303191888	1278	44.15960014	2.934828959			0.375607586	41.86238348	0		0.014864991				0.510617252	0	0.999302883	3.500265256	0	5.64254038	0
45		AG02_03	PM10	29.94764577	6.174992054	21.64064479	1.244422462	954	55.09682894	0			13.56563717	17.78545231	0.018015844	8.094003052	0				3.449922055	0	0	0	0	0	1.990147121
47		AG02_03	PM2.5	1.45268431	1.360005555	4.590674005	1.154441146	94	47.9146868	0			1.922434196	35.43843031	0		0				8.048226684	6.160233915	0	0.515990751	0	0	0
49		AG02_03	PM2.5	0.223489894	0.533438066	1.607122332	0.919665974	24	77.81353593	0			0.060402305		0.016310498		20.46433091				0.190604606	0.121825002	0.136799668	0.163850747	1.032350957	0	0
48		AG02_03	PM2.5	0.223489894	0.533438066	1.530224668	0.83376305	14	45.40331662	30.6976825			1.591919549		0.023000603		2.590668015				0.139238976	0.237087742	0.796159822	0.189718825	0.903375633	2.630014159	14.79782164
50		AG02_03	PM2.5	1.564429257	1.411344463	5.487058862	1.531487459	86	57.88346529	0			6.248868629		0.825164001		0.55677346				12.13016436	8.451582491	0	0	0	13.90398741	0
51		AG02_03	PM2.5	4.246307982	2.325202624	8.470610535	1.344646339	175	44.36055124	0			24.01430458		0.758346403		0				5.464679748	6.067525595	8.139285445	0.781087996	4.107166454	0	6.307056546
53		AG02_03	PM2.5	2.011409044	1.600314199	5.672706244	1.27312289	96	59.3853116	0			0		0.130162388		34.7880125				0.022865257	0.167254044	0.162235997	0.030795429	0	0	5.313348398
54		AG02_03	PM2.5	4.69328777	2.444520318	7.836770723	1.041327252	216	83.53323936	0			12.99600154		0		0				0	0	0	0	0	0	3.470762074
55		AG02_03	PM10	40.11643594	7.146875725	30.03435766	1.789387876	1306	41.53263867	4.790071025			14.9648726	20.10683566	0.092309684	7.830002159	0.148739177				0.581595954	2.56363824	2.161057107	2.088765427	0	3.139471263	0
57		AG02_03	PM2.5	1.45268431	1.360005555	4.328128958	1.026169907	48	31.19105697	8.817774802			2.438441291		3.448076174		5.767049268				0.873350631	3.573191538	15.95235616	7.683974504	10.29094607	0	9.963782877
58		AG02_03	PM2.5	0.670469681	0.923941834	2.79790429	0.929130466	26	16.37549698	0			0.114146352		0		7.365357131				47.12270498	24.91595894	0	4.10634093	0	0	0
59		AG02_03	PM2.5	0.670469681	0.923941834	3.060449336	1.111684066	46	42.66439676	0			16.30991697		0.01240945		0				6.47868365	0	0	16.8280676	11.95898578	3.792697191	1.954844408
60		AG02_03	PM2.5	1.340939363	1.306651072	4.142481576	1.018361958	55	41.27157032	0			7.632307708		0		0.235237903				3.800089285	0	0	8.369385451	10.62914282	3.123128228	24.93914217
61		AG02_03	PM2.5	0.446979788	0.754395348	2.164064479	0.83376305	19	0	16.10536724			0		0.013916577		2.006883547				0	3.735944629	29.04726267	15.33096731	0	0	33.75965655
63		AG02_03	PM2.5	0.670469681	0.923941834	3.060449336	1.111684066	10	33.59048367	3.789354116			19.66358125		0		0.029601046				16.24406725	13.65630627	0	0	4.954448342	7.775077969	0.29708955
62		AG02_03	PM2.5	0.223489894	0.533438066	1.607122332	0.919665974	25	41.98800921	48.02088737			8.256018162		0.023463267		0.041863622				0.150161318	0.161140005	0.181438401	0.206224713	0.251512742	0.315587316	0.403697975
64		AG02_03	PM2.5	1.899664097	1.555225852	5.224513816	1.143418159	69	45.27322948	0			29.73618209		0.595956622		0.264005619				0	1.087776199	16.12663567	6.916224211	0	0	0
65		AG02_03	PM2.5	1.005704522	1.131593022	3.694289147	1.079894928	48	32.97966719	11.27875224			0.587367173		2.665242739		10.21899432				12.22665757	29.58517969	0	0	0	0.353150931	0.104992522
66		AG02_03	PM2.5	0.670469681	0.923941834	2.79790429	0.929130466	55	51.14254951	0			8.603145182		2.763247117		0				0	0	0	4.065866396	17.50425845	15.92092961	0
68		AG02_03	PM2.5	3.128858513	1.995942481	6.754738484	1.160436259	143	49.17930663	6.021098793			26.11041367		0		0				14.16208893	0	0	4.146837816	0	0.380258192	0
67		AG02_03	PM10	21.11979496	5.18561068	17.04997079	1.095336896	774	49.97878373	4.262908921			5.778611824	13.84648383	0.183384726		0	17.21505374			0	0	0	0	0	3.506850079	5.227928981
70		AG02_03	PM2.5	0.335234841	0.653325536	1.978417097	0.929130466	25	0	0			0		54.00559306		0				12.27024645	14.89557624	3.185702115	2.762314305	3.346343338	4.203314334	5.330907926
