Id	Area	Field	Class	Area (?m²)	ECD (?m)	Perimeter (?m)	Shape	Count	O Wt%	F Wt%	Na Wt%	Al Wt%	Si Wt%	Cl Wt%	Ca Wt%	Ru Wt%	La Wt%	Ce Wt%	Pr Wt%	Nd Wt%	Sm Wt%	Gd Wt%	Dy Wt%
3		AI01_01	PM2.5	1.117449469	1.192803778	4.142481576	1.22203435	32	18.90586019	2.359935082		0		0.618170202	0.948197022		12.74528354	54.45352197	8.966392279	0	0	0	1.00264689
4		AI01_01	PM2.5	1.005704522	1.131593022	3.694289147	1.079894928	25	80.44753671	0		0		1.423104107	0		0	2.034773119	9.837119281	0	0	6.257467717	0
2		AI01_01	PM10	19.44362076	4.975579046	16.78742574	1.153403337	773	23.46967608	1.5651308	27.49254704	4.903200641		33.03758502	1.074111834		2.312080003	3.760707751	0	0	2.384956926	0	0
5		AI01_01	PM2.5	1.229194416	1.251023157	4.590674005	1.364339536	44	68.13192368	8.585426211		0		20.98339647	0.513972947		0.049856567	0.053368491	0.067644118	0.068024854	0.082747586	0.18218339	1.281455904
6		AI01_01	PM2.5	1.340939363	1.306651072	4.328128958	1.111684066	65	44.16816831	25.97191334		0		11.25978753	0		4.919684306	0	0	12.04116717	0	0	1.639291644
7		AI01_01	PM10	47.71509233	7.794404559	25.67437665	1.099345451	1663	51.19780898	0		5.974049121	35.65197885	0.330064795	0.88287387		0	0.168508885	2.592145465	0	0	3.202560544	0
8		AI01_01	PM2.5	3.464093354	2.100147767	6.940385866	1.106541693	108	0	28.23286951		4.118999839		38.448897	3.045714833		0	0	11.42446995	5.898754299	4.934497923	2.476814017	1.418984029
10		AI01_01	PM2.5	0.558724735	0.84343964	2.612256908	0.971905435	29	18.00090671	14.40145671		0		16.15545452	0.032514302		11.95875779	0	0	0	33.19538534	0	6.25552237
9		AI01_01	PM10	7.039931655	2.993913722	13.4325793	2.039578943	245	35.07438302	0	22.71180302	0		27.60168016	5.670944974		0	0	0	0	6.282908469	2.658277936	0
12		AI01_01	PM2.5	3.575838301	2.133752265	9.181348009	1.875966862	128	54.85477448	0		4.86725606		8.826927096	0.903686974		0	0	0	0	0	16.75090641	13.79644126
15		AI01_01	PM2.5	3.464093354	2.100147767	6.940385866	1.106541693	119	34.95455682	29.29258943		1.366742514		13.39307725	0		12.7251029	8.182135224	0	0	0	0.085796911	0
13		AI01_01	PM2.5	0.558724735	0.84343964	3.060449336	1.33402088	29	0	6.872957945		0		4.430866987	0		0.87287724	0.166010601	46.64112329	41.01616442	0	0	0
16		AI01_01	PM2.5	0.223489894	0.533438066	1.530224668	0.83376305	15	0	27.6149869		0.940822344		69.54077482	0.05170012		0.17236796	0.183263829	0.20470731	0.230868277	0.277890661	0.34505839	0.437555229
17		AI01_01	PM2.5	3.128858513	1.995942481	6.940385866	1.225099731	124	34.46860015	27.31660604		6.735938787		21.60223275	1.082909852		8.793713897	0	0	0	0	0	0
14		AI01_01	PM2.5	1.229194416	1.251023157	3.87993653	0.974582929	44	23.78529012	58.30678344		0.263962196		17.62420088	0.019766709		0	0	0	0	0	0	0
18		AI01_01	PM2.5	2.011409044	1.600314199	5.410161198	1.158004236	62	0	13.49781901		2.109565772		15.68721533	0.007521789		16.53844267	12.10185811	0	0	12.3984471	22.89911211	4.760014638
19		AI01_01	PM2.5	2.346643885	1.728536893	5.595808581	1.061863389	107	5.399152264	24.89169538		0.692449464		45.37409246	0		0	0	0	0	0	1.966265403	21.67634517
24		AI01_01	PM2.5	0.223489894	0.533438066	1.530224668	0.83376305	16	32.92643726	0		0.032720112		0.043429012	0.019340117		26.64034963	24.80232418	11.80298105	3.732415661	0	0	0
22		AI01_01	PM2.5	2.234898938	1.68687928	6.120898673	1.33402088	78	48.8646239	28.00582945		0.266392459		0	13.23031932		0	0	5.295195803	0	0	4.337636009	0
23		AI01_01	PM2.5	4.469797876	2.385607556	8.208065488	1.199454772	143	42.09516048	28.00046206		0.387663883		6.469915807	9.074278176		2.408100665	0	0	5.012055859	0.1788188	0	6.373544037
20		AI01_01	PM10	12.18019921	3.938059332	13.06128454	1.114570453	413	12.75244355	0	23.89619648	0		41.56645238	1.327688713		0	0	1.863229647	0	5.457604676	2.357743867	10.77864245
27		AI01_01	PM2.5	1.564429257	1.411344463	4.513776341	1.036368677	70	22.54904956	0.317809964		0		2.559355646	0		0.034365579	13.52341026	35.93872488	7.679539919	8.243878186	4.440725595	4.713135585
26		AI01_01	PM2.5	0.893959575	1.066876133	3.508641765	1.095847984	32	0	36.87013686		3.782235831		19.87270266	0		33.30734372	0	0	6.16758354	0	0	0
28		AI01_01	PM2.5	1.78791915	1.508790696	4.776321387	1.015381726	72	19.75112557	17.22043753		12.82926053		0.883406773	2.200939879		0.606923923	13.39417398	0	9.4412148	0	19.60726529	4.065256193
29		AI01_01	PM10	5.810737239	2.72001111	10.26338025	1.442579438	196	52.14488506	22.06555605		0.791341998		1.507545728	1.688960008		6.97497502	14.8267284	0	0	0	0	0
31		AI01_01	PM2.5	1.564429257	1.411344463	5.038866433	1.291516324	36	14.37202096	12.54207045		0.690344581		14.511244	0		4.440520704	14.07188028	14.39719945	17.44771302	7.527004182	0	0
33		AI01_01	PM2.5	0.223489894	0.533438066	1.530224668	0.83376305	13	17.67222136	0		0		0.007592027	0.011567456		8.638420701	15.04475325	35.7934624	5.353739858	8.357870579	4.359215498	4.761155322
35		AI01_01	PM2.5	2.681878726	1.847883667	6.044001009	1.083927057	109	58.10440779	0		3.200320527		5.132760853	10.87144464		15.59963673	2.120462991	1.266198792	3.704771027	0	0	0
34		AI01_01	PM2.5	2.123153991	1.644166543	7.202930912	1.944585934	88	20.86623311	30.77162206		2.273915894		18.44854653	4.675431177		0	0	0	0	0	19.98036206	2.983886935
36		AI01_01	PM10	29.94764577	6.174992054	24.03540226	1.535077261	840	58.42847228	0		7.565482706	12.78705299	2.672870457	12.71263361		2.731029317	0.504797278	2.597648464	0	0	0	0
39		AI01_01	PM2.5	2.234898938	1.68687928	5.858353627	1.22203435	92	30.39494753	0		2.355872281		0.04268692	6.7767784		0	4.533038661	17.35710055	10.08957401	12.12397963	1.202187221	15.12383223
40		AI01_01	PM2.5	0.335234841	0.653325536	2.164064479	1.111684066	29	25.47761202	43.42636168		0		0	0.025642139		0	0	8.356016129	0	8.889976889	13.38984668	0.434540771
41		AI01_01	PM2.5	0.446979788	0.754395348	2.164064479	0.83376305	14	88.80644441	0		0		0.031666638	8.791018277		0.213964796	0.229392946	0.258066831	0.293090451	0.356981647	0.447470136	0.571904145
38		AI01_01	PM2.5	0.670469681	0.923941834	2.874801954	0.980904789	32	0	36.37794256		0		42.76463091	0.147854432		0	0	0	4.584334418	8.009333909	7.703384757	0.412515504
42		AI01_01	PM2.5	1.676174204	1.46088031	4.699423723	1.048480103	67	21.09148502	33.04132819		5.491778255		35.67209542	1.557091437		0	0	1.772496104	0	0.692521222	0.681200018	0
44		AI01_01	PM2.5	0.223489894	0.533438066	1.530224668	0.83376305	13	31.30438626	23.20885211		0.198084628		0	0.066449592		13.77893239	7.010058314	4.454245791	19.97899264	0	0	0
43		AI01_01	PM10	69.72884687	9.422394878	34.85572466	1.386519192	2172	52.72503495	2.492653392	3.631477803	2.139985003	32.83400834	2.368693799	0.636088476		0.967399497	0	0	0	0	2.204656601	0
46		AI01_01	PM2.5	0.782214628	0.997971241	3.060449336	0.952872057	29	23.65644723	0		19.99479085		23.64269793	0		0	0	0	0	0	32.70607591	0
47		AI01_01	PM2.5	0.335234841	0.653325536	1.978417097	0.929130466	12	55.22552729	0		0		0	1.785364747		23.44515175	19.54396218	0	0	0	0	0
48		AI01_01	PM2.5	1.005704522	1.131593022	3.694289147	1.079894928	43	0	0		14.27503973		9.430325031	8.354192972		0	11.66872829	45.5270052	1.422360539	0	9.322346002	0
49		AI01_01	PM2.5	0.558724735	0.84343964	2.612256908	0.971905435	22	15.89078754	4.40922603		0.344515988		4.25918065	6.323926151		11.01268157	17.5592646	27.17793286	0	5.384925008	3.718196228	3.919355944
50		AI01_01	PM2.5	0.223489894	0.533438066	1.530224668	0.83376305	13	34.65705514	50.29695034		0.319839269		13.11465055	0.04005917		0.142087031	0.152249902	0.171232328	0.194370875	0.236553419	0.296351872	0.378601858
51		AI01_01	PM2.5	3.687583248	2.166835669	11.79360492	3.001521458	164	54.50389981	17.19955504		0		0	1.297921967		14.95962441	1.198879164	0	10.84011793	0	0	0
52		AI01_01	PM2.5	0.782214628	0.997971241	3.246096719	1.071981064	54	44.97299492	28.78136337		1.716373488		23.15347642	0.147563603		0.595938275	0.333249429	0	0.052689627	0.064023677	0.080106326	0.10220987
56		AI01_01	PM2.5	0.335234841	0.653325536	1.978417097	0.929130466	26	25.02373457	47.69362211		2.070748433		0.013049331	2.144773118		1.105608698	3.542449698	0	0	0	18.40601265	0
55		AI01_01	PM10	9.833555328	3.53842783	12.16489968	1.197558214	291	20.65815032	0	32.61652291	0		34.62022245	5.945446715		0	0	5.432073772	0	0.727589987	0	0
53		AI01_01	PM10	8.269126071	3.244777082	12.24179735	1.442184735	396	49.02763665	0.982961804		2.030155249	31.99520409	0	0.40161442		0	0.22735591	6.195937097	0	4.846673459	4.292460904	0
54		AI01_01	PM10	6.592951867	2.89731031	9.738290157	1.144657746	263	13.40573579	2.80073043	23.36903661	0.297948439		16.53676778	0.785565283	28.57739329	5.585160106	3.983687237	4.163522646	0.494457455	0	0	0
58		AI01_01	PM2.5	0.446979788	0.754395348	2.164064479	0.83376305	26	77.05279589	2.679008991		17.36345589		0.025998845	1.034700125		0.166075223	0.178146781	0.200520596	0.227836892	0.277717551	0.348325213	0.4454243
57		AI01_01	PM2.5	0.558724735	0.84343964	2.612256908	0.971905435	21	24.31314588	15.58981985		9.152624756		43.87377501	0.039447029		0.133849657	0.142634974	0.28817032	0.180398358	0.324629433	0.767691247	5.193810165
59		AI01_01	PM2.5	1.340939363	1.306651072	4.853219051	1.397786314	55	32.19727874	22.53007442		0		14.93304819	0		1.839129813	7.024911046	10.29668003	11.1788854	0	0	0
