Id	Area	Field	Class	Area (?m²)	ECD (?m)	Perimeter (?m)	Shape	Count	O Wt%	F Wt%	Na Wt%	Mg Wt%	Al Wt%	Si Wt%	Cl Wt%	Ca Wt%	Ti Wt%	Fe Wt%	La Wt%	Ce Wt%	Pr Wt%	Nd Wt%	Sm Wt%	Gd Wt%	Dy Wt%
3		AI03_01	PM2.5	0.335234841	0.653325536	1.978417097	0.929130466	15	0	51.21068954			40.39158821		0.429527042	0.201623538			0.705100689	0.754681788	0.847106799	0.961139239	1.168661378	1.462849975	1.867033169
5		AI03_01	PM2.5	0.558724735	0.84343964	2.612256908	0.971905435	48	20.55710852	0			0		41.71981215	0.142175355			16.06099159	0	0	12.96881884	8.213962615	0.337128364	0
1		AI03_01	PM2.5	3.799328195	2.199421492	7.126033249	1.063601679	133	57.70965219	0			1.125648245		0.470307982	10.56346968			0	0	0	21.59689218	0	8.534032106	0
2		AI03_01	PM10	14.86207794	4.350055787	15.48789406	1.284385342	470	63.16681504	0		12.51167357	1.131877303		0.744683016	17.92675853			0	0	0	1.54432198	0	2.973873727	0
7		AI03_01	PM2.5	1.005704522	1.131593022	3.508641765	0.974087097	48	0	33.56585503			0		0.502232043	13.39645833			0	0	22.29801416	0	0	0	30.23743331
6		AI03_01	PM10	20.22583539	5.074675698	18.39454807	1.331257024	921	12.80576438	0	31.3686192		0		41.49264991	0			3.973402083	4.915097728	0	0	4.010244086	1.434216369	0
8		AI03_01	PM10	9.051340699	3.394779067	13.06128454	1.499854066	362	36.18801534	5.932790413			11.1643374		2.196775191	0		44.35819089	0	0	0	0.159893231	0	0	0
9		AI03_01	PM10	19.44362076	4.975579046	19.63037564	1.577139884	577	46.01271451	4.519059509			6.317292899	9.28247422	1.700812578	1.835668832	18.65617931		0	0	6.191972643	0	0	1.456181798	4.027636722
11		AI03_01	PM10	13.52113858	4.149174415	15.51974612	1.417575169	541	50.87653995	0			5.641227961	24.25191849	0.531124976	0.71046385			12.33309135	3.144964203	0	0.003880231	0	2.385951206	0.120837591
14		AI03_01	PM2.5	0.335234841	0.653325536	1.978417097	0.929130466	15	22.41859436	0			0.009157202		0	0			0.470557483	0	0	1.286779437	49.56878126	15.98018557	10.26594117
18		AI03_01	PM10	52.52012505	8.177450709	35.75210952	1.936723974	1732	44.32175457	0	13.51558417		14.14363831	19.72487718	0.414135261	0			3.406578302	3.723080829	0.383409671	0.366935856	0	0	0
19		AI03_01	PM10	6.704696814	2.92176062	10.0008352	1.187089692	195	35.80874801	0.6371025			4.086700082	25.04995465	1.272943337	2.205607481			0	7.654030621	11.57854274	4.320802912	0	5.426395312	1.959171146
20		AI03_01	PM2.5	0.558724735	0.84343964	2.612256908	0.971905435	34	39.1730845	20.30172646			0		0.038562645	12.73482889			0	0	0	0	0	0	27.75179446
23		AI03_01	PM2.5	3.128858513	1.995942481	6.492193438	1.071981064	181	45.54847181	3.457930684			3.264214844	41.80998206	0	0.374888466			0	0	0	2.415842935	3.128664196	0	0
22		AI03_01	PM2.5	1.340939363	1.306651072	4.405026622	1.151537463	50	52.20726132	0			7.182265818		1.538019814	0			0	0	0	39.07245994	0	0	0
21		AI03_01	PM2.5	3.911073142	2.231531534	7.388578295	1.110749069	179	28.74898612	17.27668643			3.363525122		1.020029373	6.131738052			0	5.474711955	15.65632522	17.24381596	3.435482085	1.47965746	0.169047841
24		AI03_01	PM2.5	1.78791915	1.508790696	4.776321387	1.015381726	95	24.03550446	0	44.6323216		0		31.03285432	0			0.027420596	0.029278314	0.032834805	0.037159349	0.044994859	0.056143251	0.071490102
25		AI03_01	PM2.5	0.558724735	0.84343964	2.612256908	0.971905435	24	35.64134836	48.69569838			0.046428715		0.017029815	14.29202408			0.153936888	0.123328622	0.138572673	0.157131325	0.190900674	0.238831132	0.30476891
27		AI03_01	PM2.5	1.78791915	1.508790696	7.01728353	2.191695967	62	39.54119682	0			0		3.397472575	13.77816349			8.08763057	11.89136133	15.35246223	0	2.967229113	3.277441114	1.707043685
26		AI03_01	PM10	6.592951867	2.89731031	11.34541249	1.553641493	236	46.70240581	24.31356311			0		5.256423354	5.971651152			0	0	5.895555019	0	3.030854091	8.829560131	0
28		AI03_01	PM10	24.02516358	5.530803589	18.62524106	1.149019998	749	51.76968575	6.174780056			16.89500064	16.74633324	1.774046943	0.617722003			0	2.972210199	0.158560241	0	0	2.891664393	0
29		AI03_01	PM2.5	2.570133779	1.808976496	7.836770723	1.901554112	105	55.06480932	23.97967577			0		13.71861845	0			4.073055089	0	0	0	0	3.163838387	0
30		AI03_01	PM10	7.93389123	3.178324096	11.79360492	1.395073354	171	66.11434817	0			0		3.766436502	5.039560422			0	0	0	0	0	3.580409288	21.4992553
31		AI03_01	PM2.5	0.223489894	0.533438066	1.530224668	0.83376305	12	63.40871453	28.48263681			5.719329789		0.03062445	0			0.312635629	0.25280118	0.239206641	0.272005494	0.33199382	0.416762102	0.533284806
32		AI03_01	PM2.5	2.793623673	1.88598837	6.044001009	1.040569974	144	37.98557818	0			15.23672044		0.667040749	1.172458101			16.48811698	4.377459362	8.29719305	6.806403399	0	0	8.969035745
33		AI03_01	PM2.5	0.223489894	0.533438066	1.530224668	0.83376305	15	41.83267057	0			0		0.018370264	0.029542908			0	1.653749496	33.93586874	22.52978384	0	0	0
34		AI03_01	PM2.5	3.128858513	1.995942481	6.754738484	1.160436259	132	35.85503101	32.49400258			12.23144829		1.780512743	0			5.143468454	12.49554008	0	0	0	0	0
35		AI03_01	PM2.5	2.346643885	1.728536893	5.595808581	1.061863389	106	40.38198888	8.780184388			2.668208815	41.33624732	1.032136381	0			1.04365591	0.547197694	0.051687664	0.13207742	0	0	4.026620463
37		AI03_01	PM2.5	1.78791915	1.508790696	4.96196877	1.095847984	89	35.67247391	0			11.76625341		7.789076865	0.033905028			0	0	3.602652624	6.564734876	0	11.35862842	23.2122764
38		AI03_01	PM2.5	2.011409044	1.600314199	5.147616152	1.048339735	91	68.3555305	0			22.47207165		0	0.799469557			0	0	0	2.910642698	4.190555215	1.271728054	0
