Id	Area	Field	Class	Area (?m²)	ECD (?m)	Perimeter (?m)	Shape	Count	O Wt%	F Wt%	Al Wt%	Si Wt%	Cl Wt%	Ca Wt%	La Wt%	Ce Wt%	Pr Wt%	Nd Wt%	Sm Wt%	Gd Wt%	Dy Wt%
4		AM01_03	PM2.5	0.223489894	0.533438066	1.530224668	0.83376305	13	36.86059415	0	5.765001848		0.026582359	0.041836759	0	0	12.87671328	0	0	2.425551228	42.003721
5		AM01_03	PM2.5	0.558724735	0.84343964	2.612256908	0.971905435	27	0	0	0		0.095965655	0.136548304	0	0	2.52711568	0	23.78200591	73.45835567	0
8		AM01_03	PM10	15.19731278	4.398842985	14.48275949	1.098312613	456	55.86830974	0	16.81373864	13.49868327	0	0	2.297313698	7.185383141	0	0	0	4.336564988	0
9		AM01_03	PM2.5	0.223489894	0.533438066	1.530224668	0.83376305	10	0	0	0		0.009840383	0.014367017	10.53452641	18.30309182	43.42123866	6.483411789	10.0977093	5.317606032	5.818205327
10		AM01_03	PM2.5	0.446979788	0.754395348	2.426609525	1.048339735	15	36.61336601	9.114676714	13.4104684		0.017204591	0.027963525	5.650338158	0	0	14.88387883	0	2.261688188	18.02041978
16		AM01_03	PM2.5	0.223489894	0.533438066	1.530224668	0.83376305	14	0.013713678	26.41691267	15.72731286		0.057593023	0.248089642	37.17290461	19.5786953	0	0.784782786	0	0	0
17		AM01_03	PM2.5	1.45268431	1.360005555	6.229648392	2.125915316	71	29.97446358	17.09824502	43.10905635		0	0	1.567704603	4.985903949	3.170385212	0.09423446	0	0	0
18		AM01_03	PM2.5	4.469797876	2.385607556	9.181348009	1.50077349	156	58.95555019	0	0		0	0	0	6.88194707	12.97564059	18.08936894	2.29409039	0	0.803395733
19		AM01_03	PM2.5	0.893959575	1.066876133	3.246096719	0.937983431	44	52.82141566	7.615137845	8.3377406		0.21762508	0.239531323	0	0	2.69278232	0	28.07576954	0	0
23		AM01_03	PM10	8.269126071	3.244777082	11.71670725	1.321118216	215	63.83436918	0	3.725685179		0	7.877214998	0	0	6.810154021	17.75258183	0	0	0
24		AM01_03	PM2.5	0.223489894	0.533438066	1.530224668	0.83376305	21	45.67988515	16.72205627	0.087763462		0	36.0948652	0.358472974	0.114466937	0.128147344	0.144807016	0.174922228	0.217797584	0.276806043
25		AM01_03	PM2.5	0.782214628	0.997971241	3.060449336	0.952872057	12	12.7493009	9.402339906	0.161647226		0.008229924	0.01264216	2.865225635	16.03991985	21.67124152	32.56721199	3.464093804	0	1.058154088
26		AM01_03	PM2.5	1.229194416	1.251023157	3.87993653	0.974582929	48	44.88787055	0	45.43451071		0.011074625	1.542823203	0.77162208	3.639233112	2.505058981	0	0	1.20780617	0
28		AM01_03	PM10	37.881537	6.944945711	23.6641075	1.17636692	686	74.84942079	16.06352627	2.119888179		1.954945549	2.931048721	0	0	0.34014855	0	1.741014235	0	0
29		AM01_03	PM2.5	2.570133779	1.808976496	5.858353627	1.062638565	100	61.36129498	0	2.260174416		0.005031268	0	0.368288741	2.082053199	0	0	22.07567543	11.84747145	0
30		AM01_03	PM2.5	0.893959575	1.066876133	3.771186811	1.265984383	31	60.74535847	0	38.48993182		0.034928345	0.060421648	0.669357181	0	0	0	0	0	0
31		AM01_03	PM2.5	0.446979788	0.754395348	2.426609525	1.048339735	31	70.60863972	20.61647922	0		0.011249226	7.357949018	0.470899697	0.253595156	0.091182545	0.103542279	0.126144779	0.158161728	0.202163542
32		AM01_03	PM2.5	0.782214628	0.997971241	3.060449336	0.952872057	45	26.86954439	19.9102357	13.67807984		0.036910101	0.017013254	0	0	24.3080169	15.18018693	0	0	0
33		AM01_03	PM2.5	0.223489894	0.533438066	1.530224668	0.83376305	5	0	3.563118353	0.075441867		0.03009736	0.042665334	0	0	0	0	0	17.35301167	78.93565893
34		AM01_03	PM2.5	0.893959575	1.066876133	3.508641765	1.095847984	34	55.70044518	11.98373511	0.01354274		0.020846352	0.035128262	0	0	0	0	32.24630058	0	0
35		AM01_03	PM2.5	0.446979788	0.754395348	2.164064479	0.83376305	11	0	6.437554955	2.00578887		0.022348913	0	0.141999871	0.374115328	0	0	0	77.48683095	13.5313645
36		AM01_03	PM2.5	0.670469681	0.923941834	2.79790429	0.929130466	41	42.95172989	0	16.63262695		0	0	1.516030915	4.153033346	0	0	22.62566835	12.12090924	0
37		AM01_03	PM2.5	0.782214628	0.997971241	3.508641765	1.252397696	34	65.27337432	31.82766736	1.047582086		0.018527351	0	0.448131887	0.28578355	0.146504107	0.166599534	0.203417288	0.255456823	0.326961838
38		AM01_03	PM2.5	0.335234841	0.653325536	1.978417097	0.929130466	12	69.78217363	0	0		0.435161497	0.743848085	2.615519986	2.806284465	3.146652877	3.581169248	4.373316839	5.492586643	7.023289055
39		AM01_03	PM2.5	0.446979788	0.754395348	2.79790429	1.393695698	17	58.82847905	0	0		0	31.36582077	0	0	1.995402016	1.38702523	1.676199399	2.089274675	2.657801658
42		AM01_03	PM2.5	0.893959575	1.066876133	4.328128958	1.6675261	49	21.53762132	55.00341654	18.18990856		1.522561722	0.02195674	0.077767117	0.083316199	0.14825383	0.106353627	0.16819993	0.395860616	2.744787559
43		AM01_03	PM2.5	0.782214628	0.997971241	3.246096719	1.071981064	25	67.5737083	0	0.024042033		24.44389462	5.757166445	0	0	0.296916883	0.33642312	0.408072071	0.509832986	0.649944926
44		AM01_03	PM2.5	1.78791915	1.508790696	4.776321387	1.015381726	51	31.25450313	21.58797085	2.056161314		0.641529122	0.006326231	0	0	0	0	0	4.332081228	40.12143314
45		AM01_03	PM2.5	0.782214628	0.997971241	3.246096719	1.071981064	39	35.09933949	61.25872135	0		0.656312518	0.072830304	0.261573191	0.280818064	0.316173118	0.359571096	0.438877149	0.550896581	0.70489184
46		AM01_03	PM2.5	1.005704522	1.131593022	4.142481576	1.357815944	39	47.07369804	38.97476196	0.610665418		1.280811615	0.878490228	3.396886215	1.730914228	1.093357895	4.960411787	0	0	0
47		AM01_03	PM2.5	2.90536862	1.923338301	6.940385866	1.319338172	78	33.32321346	45.74053288	0.655292626		0.901775528	0	6.445833296	0	0	0	4.116503522	8.816848695	0
49		AM01_03	PM2.5	0.223489894	0.533438066	1.530224668	0.83376305	7	0	88.91844749	0.5483313		0.14676206	0.256293523	0.911168661	0.977856386	1.099062338	1.250323001	1.526304521	1.915547252	2.449892089
50		AM01_03	PM2.5	0.446979788	0.754395348	2.164064479	0.83376305	16	45.70774436	40.03239572	10.91671512		0.045619399	0.080883846	0.289370143	0.310505717	0.34946024	0.397256855	0.484547066	0.607936317	0.777564989
52		AM01_03	PM2.5	0.335234841	0.653325536	1.978417097	0.929130466	20	66.37685299	0	0		0.197887607	0.034658232	0.216454011	0	0	0	0	12.80142218	20.37272453
