Id	Area	Field	Class	Area (?m²)	ECD (?m)	Perimeter (?m)	Shape	Count	B Wt%	O Wt%	F Wt%	Al Wt%	Si Wt%	S Wt%	Cl Wt%	K Wt%	Ca Wt%	Fe Wt%	La Wt%	Ce Wt%	Pr Wt%	Nd Wt%	Sm Wt%	Gd Wt%	Dy Wt%
2		AM01_01	PM2.5	0.446979788	0.754395348	2.426609525	1.048339735	24		41.74959958	55.20572066	1.265552081			0.023731332		0.042730005		0.153776701	0.16509234	0.18594662	0.211433391	0.258030696	0.323905121	0.41448758
6		AM01_01	PM2.5	4.69328777	2.444520318	8.022418106	1.091248192	145		23.94264042	18.37248057	6.699735671			0		1.84444394		2.445995249	6.025520712	0	0	0	20.21779716	20.4513818
1		AM01_01	PM10	18.77315108	4.889040635	27.31335104	3.162299021	685		54.94661927	0	5.578838661	25.44600368		0.394593272		0.557785574		2.093558386	0	0	2.149100602	2.094773017	1.047202386	5.691521242
4		AM01_01	PM2.5	1.899664097	1.555225852	5.224513816	1.143418159	82		58.8175416	0	12.80238628			0		0		0	0.274866517	6.665157527	13.40008229	0	8.039958775	0
3		AM01_01	PM10	25.70133779	5.720485961	19.02838788	1.121084629	937		54.15151715	0	21.74158245	17.30064452		0.236189133		0		0.804330222	0.506486697	0	0	1.860961877	1.521146763	1.87714342
8		AM01_01	PM10	7.486911443	3.087496027	12.68998977	1.711630371	217		64.02084827	0	14.75270838			1.493483409		0		0	0	0	0	0	5.027603731	14.70535547
9		AM01_01	PM2.5	1.78791915	1.508790696	4.776321387	1.015381726	78		55.788517	26.917997	9.984891117			0		0.061356282		0.929747894	2.703128196	0.927071273	0	2.687288448	0	0
11		AM01_01	PM2.5	0.223489894	0.533438066	1.530224668	0.83376305	16		57.40077496	36.7108494	1.990382187			0.052133424		0.093665597		0.336666312	0.361529714	0.407030247	0.463057403	0.565452687	0.709932484	0.908523984
12		AM01_01	PM2.5	4.358052929	2.35559872	7.913668387	1.143545188	192		30.88027835	0	8.693012595	27.21092701		0		2.637593262		0	0	9.638243169	0	6.948396564	13.9915511	0
10		AM01_01	PM2.5	0.446979788	0.754395348	2.164064479	0.83376305	19		63.09268475	0	28.11179459			0.056436565		5.289036781		0.947823841	1.588633843	0.428107334	0.485486118	0	0	0
14		AM01_01	PM10	8.045636177	3.200628398	11.34541249	1.27312289	355		54.26440835	1.657544822	0	35.66506207		1.531908382		0.902673416		0	0.64099594	5.337402225	0	0	0	0
13		AM01_01	PM10	33.18824923	6.500507006	23.06211974	1.275276153	1045		44.53032613	0	13.21239024	15.55213928		0.873240642		0.727039808		1.73605103	4.578495026	7.5582169	2.358783595	0	0.469840225	8.403461426
15		AM01_01	PM2.5	3.24060346	2.03127164	6.492193438	1.0350162	142		39.88168538	0	4.089685529	21.71061635		0		0.393770169		7.011657208	3.045513295	0.436261436	16.17783755	0	7.252971828	0
17		AM01_01	PM2.5	2.346643885	1.728536893	5.595808581	1.061863389	131		47.39411473	4.810798913	26.78572834			0		0.365193514		1.740483381	0.867568515	0	0	14.03414756	4.001963139	0
19		AM01_01	PM2.5	0.446979788	0.754395348	2.426609525	1.048339735	25		20.39452642	0	1.416533533			0		0.016537341		0	0	0.78509897	0	0	13.97625953	63.41104507
21		AM01_01	PM2.5	2.346643885	1.728536893	6.044001009	1.238773779	126		7.482168823	30.7567656	24.49647337			0		0		0	1.094229147	27.0278722	0	9.142483026	0	0
20		AM01_01	PM2.5	1.676174204	1.46088031	4.96196877	1.168904516	95		53.58798504	0	0	37.14255691		0.062591524		0		0.432748254	0	0.149761001	0.322704809	0.838900544	0	7.462756336
22		AM01_01	PM2.5	0.223489894	0.533438066	1.530224668	0.83376305	14		75.84247589	0	0			0.990367215		0.034714388		0	0	0	23.13244045	0	0	0
25		AM01_01	PM2.5	0.223489894	0.533438066	1.530224668	0.83376305	9		65.9348309	2.628671564	1.77008342			0.014275538		0.024231528		0.375150889	0	3.489140049	10.95250472	6.243434548	0	8.567674458
27		AM01_01	PM10	6.034227133	2.771825501	10.44902763	1.439859904	205		56.94489479	4.337721318	11.40806302	16.55443013		0		8.298768848		2.338286117	0	0	0	0	0.117833796	0
24		AM01_01	PM2.5	2.234898938	1.68687928	5.487058862	1.072041222	68		55.26356101	0	3.553687781			0		13.26088756		2.545081265	1.333664823	0.245857565	0.438967533	0.543423416	22.36020267	0.454663532
28		AM01_01	PM2.5	0.335234841	0.653325536	2.164064479	1.111684066	20		87.84152269	0	3.9820645			0.485209515		0.068296771		2.699779347	0	0	4.923124611	0	0	0
29		AM01_01	PM2.5	1.78791915	1.508790696	4.776321387	1.015381726	47		36.59739792	4.842269793	2.306405269			0		10.25306657		7.833184302	10.30863374	12.1865049	0	2.179693989	13.49283606	0
30		AM01_01	PM2.5	1.564429257	1.411344463	4.776321387	1.160436259	108		56.14071488	0	33.30916762			0		1.204359531		0	0	0	9.345754981	0	0	0
31		AM01_01	PM2.5	2.123153991	1.644166543	8.09931577	2.458698657	476		72.09979296	0	5.910014361			0.173698633		5.014713109		0	0	3.564075008	0	0	13.23770881	0
33		AM01_01	PM2.5	1.45268431	1.360005555	4.513776341	1.116089345	88		49.21732247	5.06930761	8.673599362			0		8.572029322		3.973567113	12.67913431	0	11.81503832	0	0	0
34		AM01_01	PM2.5	2.123153991	1.644166543	5.038866433	0.951643607	127		47.52026498	20.86511552	0.488464674	28.64406109		0.355924596		0.312862475		0	0	0	0	0.057650195	1.755651832	0
36		AM01_01	PM2.5	2.123153991	1.644166543	12.06934352	5.459789992	165		25.917992	11.18375584	1.849314198	21.45904899		1.373155788		7.16380775		6.464155763	2.365984209	0	0	0	11.19683385	11.02595255
35		AM01_01	PM2.5	1.005704522	1.131593022	3.694289147	1.079894928	48		69.28516626	26.48474872	2.142993174			0.048390962		0		0	0	0	0	0	2.038699575	0
40		AM01_01	PM2.5	0.223489894	0.533438066	1.530224668	0.83376305	10		14.70052898	8.548320085	0.366548239			0.01208762		0.14061546		46.39389217	26.00556612	0	3.832446784	0	0	0
38		AM01_01	PM10	26.70704231	5.831334529	19.55347798	1.139232523	995		31.88559413	0	1.881548949		7.390256971	0		0.470037758	36.43798232	1.415230241	7.796192169	1.996422745	0	0.04060184	0.718055014	9.968064725
39		AM01_01	PM2.5	0.335234841	0.653325536	1.978417097	0.929130466	35		38.20885718	0	45.61904073			0		1.90049652		0	0	0.628949236	0	1.618527435	7.12249428	4.901638255
42		AM01_01	PM2.5	1.229194416	1.251023157	3.87993653	0.974582929	76		78.67597938	0	14.30914253			0		1.453709975		0	0	0	0	0	5.561164021	0
41		AM01_01	PM2.5	0.223489894	0.533438066	1.530224668	0.83376305	12		0	19.11457479	70.29761076			0.138647913		1.973933913		0.775528653	0.828254689	0.928069558	1.051013079	1.274072099	1.591236703	2.027052827
45		AM01_01	PM2.5	0.782214628	0.997971241	3.246096719	1.071981064	170		59.8561883	12.73825467	20.53865492			0.012662497		0		0.688088546	3.41967009	2.746476233	0	0	0	0
43		AM01_01	PM10	5.698992292	2.693730193	10.07773287	1.418135572	280		59.65442061	0	1.825369708	34.54004526		0		1.241203863		0	0	0	2.738959529	0	0	0
46		AM01_01	PM2.5	0.335234841	0.653325536	1.978417097	0.929130466	29		20.08770108	39.7336036	0			0.351171056		9.934236854		8.06960538	6.430748105	0	0	2.972734161	12.42019236	0
44		AM01_01	PM10	32.6295245	6.44555668	29.47741552	2.119132918	4931	98.22893143	1.32424701	0	0.155314943	0.17446999		0.005045724	0.077055517	0.001868972		0.02585254	0.007207927	0	0	0	0	0
47		AM01_01	PM2.5	1.340939363	1.306651072	4.328128958	1.111684066	56		46.15187049	0	11.28258333			0.006402367		0.256406772		9.693103284	17.96741039	7.621172071	3.912622482	2.155095711	0	0.953337178
48		AM01_01	PM2.5	0.670469681	0.923941834	3.508641765	1.461130645	49		57.66834617	0	38.16893995			3.554607555		0		0.176951534	0.189480907	0	0.241672271	0	0	0
49		AM01_01	PM2.5	0.893959575	1.066876133	3.431744101	1.048339735	58		75.5731523	0	0			0.003657209		22.0067814		0	0	0	0	0	2.416415699	0
51		AM01_01	PM2.5	0.670469681	0.923941834	3.060449336	1.111684066	40		37.93953359	12.41309121	9.074350446			0.02060593		2.625690587		1.633436419	0	0	3.968980163	0	0	32.32432008
52		AM01_01	PM10	37.881537	6.944945711	24.29794731	1.240228526	1670		52.77861953	0	0	45.52853703		0		0		0	0.985117257	0.253213779	0.454506557	0	0	0
54		AM01_01	PM2.5	3.464093354	2.100147767	6.754738484	1.048135976	211		54.32072878	0	1.217435393	29.41040397		0.68592988		1.365618128		0	5.966710299	3.93127948	0	2.493884787	0.607998343	0
56		AM01_01	PM2.5	0.335234841	0.653325536	1.978417097	0.929130466	38		59.07436609	30.60159087	8.841991425			0.218934799		0.030838753		0.110779004	0.118888728	0.133892428	0.152184255	0.185616827	0.232927385	0.297993026
53		AM01_01	PM2.5	0.670469681	0.923941834	2.874801954	0.980904789	37		41.09740853	11.87381968	2.003166452			0.03987542		0		0	0	17.5180465	13.49499822	8.659800142	5.312879756	0
59		AM01_01	PM2.5	0.446979788	0.754395348	2.164064479	0.83376305	18		35.23395658	62.30018139	0.060283445			0		0.058586616		0.210702373	0.226219068	0.254754396	0.289715733	0.35362565	0.443916954	0.568058481
60		AM01_01	PM2.5	0.223489894	0.533438066	1.530224668	0.83376305	10		42.26516485	55.00477552	0.463954592			0.030222139		0.054416223		0.195813947	0.21024202	0.236780196	0.269276788	0.32868695	0.412627682	0.528041273
