Id	Area	Field	Class	Area (?m²)	ECD (?m)	Perimeter (?m)	Shape	Count	O Wt%	F Wt%	Mg Wt%	Al Wt%	Si Wt%	Cl Wt%	K Wt%	Ca Wt%	Fe Wt%	Br Wt%	La Wt%	Ce Wt%	Pr Wt%	Nd Wt%	Sm Wt%	Gd Wt%	Dy Wt%
2		AM02_01	PM2.5	0.670469681	0.923941834	2.79790429	0.929130466	20	32.6977998	0		0		0.006832098		0.010546461			0	0	0	6.988990307	0	23.78774583	36.5080893
1		AM02_01	PM2.5	0.446979788	0.754395348	2.612256908	1.214881794	31	38.58873248	27.43147016		0.310951751		0		8.584652841			8.108595759	0.136862055	0	0	8.30893591	6.200241297	2.329551801
3		AM02_01	PM2.5	1.340939363	1.306651072	4.142481576	1.018361958	43	30.9674263	0		1.149824262		0.008760501		0.154193689			4.65833582	3.190780431	1.230689883	3.313610703	5.575070158	0	49.75131452
5		AM02_01	PM2.5	0.223489894	0.533438066	1.530224668	0.83376305	24	68.3511734	0		21.36704326		0.015288476		0			0.093976752	2.224935777	2.380650304	0	5.566931143	0	0
6		AM02_01	PM2.5	0.670469681	0.923941834	2.79790429	0.929130466	30	21.96300477	44.83133554		1.843720861		0.019418968		0.016336831			0	0	0	0	0	31.32617474	0
7		AM02_01	PM10	7.151676602	3.017581393	12.87563716	1.844674429	272	35.45188904	3.237585723		13.92197907	25.58938563	3.673526272		4.978208616			0	0	3.231728077	6.125509739	0	3.404965997	0.385229127
9		AM02_01	PM2.5	0.335234841	0.653325536	1.978417097	0.929130466	21	47.14221656	0		24.9467358		0		0.040871091			13.23462576	0	0	0	2.041908912	12.59364337	0
12		AM02_01	PM2.5	1.229194416	1.251023157	3.956834194	1.013596872	69	61.01230979	0		25.49655437		0.006715042		0.245739915			4.178233445	0	0	0	9.060446173	0	0
10		AM02_01	PM2.5	1.78791915	1.508790696	4.96196877	1.095847984	61	51.11772418	10.98843366		13.83627206		0.665873801		3.50686051			13.31323087	5.358822644	0	1.212779991	0	0	0
11		AM02_01	PM2.5	0.335234841	0.653325536	1.978417097	0.929130466	22	92.163378	0.910391659		0		1.128918957		4.093855992			0.153224228	0.164419436	0.185128918	0.21040407	0.256582373	0.321923546	0.411780318
13		AM02_01	PM2.5	0.893959575	1.066876133	3.508641765	1.095847984	57	44.33243573	3.94134894		21.93820179		0.005098671		0.428380026			7.993873954	14.45346177	0	0	0	2.157937177	4.749256745
14		AM02_01	PM2.5	2.681878726	1.847883667	8.361860816	2.074707465	112	54.0615797	0		15.35062194		0.056312169		0.606513442			0	0	0	0	17.29564667	0	12.62932718
16		AM02_01	PM2.5	0.223489894	0.533438066	1.530224668	0.83376305	18	37.44308352	24.96405989		0		0.010734414		12.5207901			0	0	7.949192077	6.775333732	10.33680141	0	0
15		AM02_01	PM2.5	1.564429257	1.411344463	4.776321387	1.160436259	70	40.53307474	6.660960615		0		0.33527012		18.71985048			13.90873492	9.531474113	6.033126265	2.364920825	0	0	1.912595332
19		AM02_01	PM2.5	0.446979788	0.754395348	2.426609525	1.048339735	35	67.94047356	0		31.11325502		0.013208317		0.023081752			0.082159578	0.088068791	0.099095737	0.11251457	0.136998366	0.171702867	0.219444092
20		AM02_01	PM2.5	3.24060346	2.03127164	6.492193438	1.0350162	124	39.08801973	9.542515129		11.79554909		0		0			5.498185009	20.34531683	0	0.676376792	0	13.05403858	0
17		AM02_01	PM2.5	0.223489894	0.533438066	1.530224668	0.83376305	24	37.78387606	43.35463941		5.452664196		9.628941864		0.028335847			0	0	0	0	3.751545399	0	0
18		AM02_01	PM10	15.86778246	4.494829042	30.55944776	4.683439362	520	59.04322267	3.411852941		9.810829163	19.65969056	0		2.593711577			0	0	0	5.480693653	0	0	0
21		AM02_01	PM2.5	0.335234841	0.653325536	2.164064479	1.111684066	17	61.33393049	20.38636059		16.14780128		0.029101659		0.051602989			0.184641627	0.19808854	0.222976413	0.253390311	0.308940187	0.387538667	0.495623937
22		AM02_01	PM2.5	2.793623673	1.88598837	6.569091101	1.229229016	88	47.52029777	0		3.457086906		0.096069381		8.065681905			6.879402697	16.84491783	0	0	14.20955509	2.926986478	0
24		AM02_01	PM2.5	1.005704522	1.131593022	3.694289147	1.079894928	42	6.661246717	4.921637103		9.076085687		0.008588981		0			41.63517058	37.69727349	0	0	0	0	0
27		AM02_01	PM2.5	0.223489894	0.533438066	1.530224668	0.83376305	24	44.70004439	40.52407742		14.08726424		0		0.01688734			0.060486776	0.064884603	0.073057861	0.082998647	0.101158232	0.126882852	0.162267755
28		AM02_01	PM2.5	1.340939363	1.306651072	4.328128958	1.111684066	89	65.25113583	0		2.064342424		0		17.77838767			0	0	0	0	0	12.77690977	2.129225619
25		AM02_01	PM2.5	0.782214628	0.997971241	3.060449336	0.952872057	33	73.35440516	0		1.731261425		3.458918259		20.00475079			0.194003223	0.134877092	0.151381968	0.171476963	0.207967684	0.259812502	0.331149134
26		AM02_01	PM2.5	0.893959575	1.066876133	3.246096719	0.937983431	22	17.17434525	13.22064698		0.288731605		5.801905319		0			16.44291282	42.10605323	0	0	0	0	4.965405539
29		AM02_01	PM2.5	0.782214628	0.997971241	3.060449336	0.952872057	45	17.83177704	6.996648759		34.60397422		0.013088709		0			0	11.65179983	12.34925538	0	0	16.55345261	0
30		AM02_01	PM2.5	0.446979788	0.754395348	2.164064479	0.83376305	22	45.17816305	26.28519237		2.905189805		0.021172057		3.106646426			14.70201164	6.75971806	0	1.041912287	0	0	0
32		AM02_01	PM2.5	0.558724735	0.84343964	3.137347	1.401901013	46	27.15666592	0		0		0		0.014109281			0	0	12.69175559	36.47199571	5.312460288	2.09470652	16.25830531
35		AM02_01	PM2.5	0.558724735	0.84343964	2.612256908	0.971905435	29	28.29669416	18.34501177		48.98511171		0.064658083		0.108717731			0.381256803	0.408072816	0.458319439	0.519892061	0.63195657	0.790886115	1.009416301
33		AM02_01	PM2.5	0.446979788	0.754395348	2.164064479	0.83376305	21	0	12.27221861		2.142894827		0.905527268		0.023484192			0	0	0	0	0	0.230918569	84.42494869
34		AM02_01	PM2.5	1.117449469	1.192803778	4.142481576	1.22203435	64	29.01138663	14.2775476		8.150041103		0		11.04424298			33.18089843	4.335885122	0	0	0	0	0
36		AM02_01	PM2.5	0.335234841	0.653325536	2.164064479	1.111684066	36	23.02104235	0		14.57792968		0.00908088		0.007193056			8.305110037	18.32541525	21.09345347	10.13989151	3.160599619	0	1.360283513
39		AM02_01	PM2.5	0.446979788	0.754395348	2.426609525	1.048339735	24	31.65712357	16.6710034		0		2.793171443		0.350998435			0	21.53052539	25.94995499	1.047232188	0	0	0
38		AM02_01	PM2.5	2.90536862	1.923338301	7.75987306	1.649294187	96	60.92210412	0		0		0		0			7.297512144	19.21055168	0	0	0	12.56982982	0
40		AM02_01	PM2.5	0.446979788	0.754395348	2.164064479	0.83376305	47	66.72366261	15.6448856		4.512342811		0.00929962		1.05988346			0	0	5.153613538	0	1.805738546	3.851145506	1.239430811
41		AM02_01	PM2.5	2.793623673	1.88598837	6.940385866	1.372111699	135	34.80009735	2.485244535		15.58887511	29.02177572	0		0			0	0	0	0	4.867829382	0	13.23617995
43		AM02_01	PM2.5	0.223489894	0.533438066	1.530224668	0.83376305	12	25.86803436	0		0		1.578862965		0.017324116			14.55801129	19.21179742	19.14955825	0	16.60694331	0	3.009466454
45		AM02_01	PM2.5	0.670469681	0.923941834	2.79790429	0.929130466	36	80.6312263	0		1.568943448		0.023167275		0.040640449			2.86005605	8.789279312	5.473515019	0.201025698	0	0.412158249	0
46		AM02_01	PM2.5	2.346643885	1.728536893	6.306546055	1.348733333	108	61.17680669	37.17215955		0		1.009170804		0.641865889			0	0	0	0	0	0	0
50		AM02_01	PM2.5	0.223489894	0.533438066	1.530224668	0.83376305	8	0	5.280195922		6.043270603		0.031134285		0.046368351			0	9.433505684	54.63013053	24.53538775	0	0	0
49		AM02_01	PM2.5	1.005704522	1.131593022	3.694289147	1.079894928	33	31.33532703	17.38124639		5.357994139		0		0			28.15990448	7.219936699	3.695856035	0	1.943133958	1.299348008	3.607257828
52		AM02_01	PM2.5	0.446979788	0.754395348	2.164064479	0.83376305	35	53.14155817	0		19.58347261		0.010633516		8.0325827			0.410422543	0.807004143	0.076115935	0	0	0	17.93821007
51		AM02_01	PM2.5	0.446979788	0.754395348	2.612256908	1.214881794	35	25.94159245	37.80444264		16.86055809		0.022291912		0			3.312550113	8.187444508	3.182742	1.084779762	0	3.603601083	0
54		AM02_01	PM2.5	0.223489894	0.533438066	1.530224668	0.83376305	9	41.36920273	25.7458806		4.051961005		0.025418407		0.070336618			18.6162293	8.257172257	0	1.863793842	0	0	0
55		AM02_01	PM10	5.363757451	2.613302144	8.470610535	1.064511685	186	64.89124298	10.05072445		16.47926122		3.126709163		3.44283767			0	0	0	0	0	0	2.009226009
56		AM02_01	PM2.5	1.117449469	1.192803778	4.142481576	1.22203435	47	17.22006798	3.696544841		2.150671557		0.231733476		5.245037004			3.179387003	12.48278022	14.03729469	17.91841537	2.073204145	11.59396544	10.17090306
59		AM02_01	PM2.5	0.335234841	0.653325536	1.978417097	0.929130466	25	0	38.41632307		0		0.021796706		59.80790257			0	0	0.539803272	0.218382291	0.261824182	0.32409844	0.40987134
58		AM02_01	PM2.5	0.446979788	0.754395348	2.164064479	0.83376305	12	17.32839793	4.66907993		0.312945317		0.008485222		0.012763316			0.873456523	0.362467649	0	0	32.50937462	15.51005095	28.41296792
57		AM02_01	PM2.5	0.223489894	0.533438066	1.607122332	0.919665974	27	0	59.52324271		33.17103684		5.109776556		0.055385649			0.194389955	0.208042073	0.233719707	0.265053101	0.322073535	0.402989099	0.514297513
60		AM02_01	PM2.5	0.558724735	0.84343964	3.060449336	1.33402088	43	51.71456337	0		37.05277145		0		0.026477844			0	0	4.784312099	0	2.178098261	3.157291561	1.086486597
62		AM02_01	PM2.5	1.78791915	1.508790696	4.776321387	1.015381726	118	40.45542479	8.911719918		0	37.16824055	4.033011943		0.146830804			0	4.724413902	0	0	4.56035845	0	0
61		AM02_01	PM2.5	1.676174204	1.46088031	6.754738484	2.166147683	88	44.52737272	27.13029087		7.426922023		1.293576229		0			0	0	0	19.62184459	0	0	0
63		AM02_01	PM2.5	0.223489894	0.533438066	1.530224668	0.83376305	23	59.39363837	0		15.77733904		0.023715504		24.8053059			0	0	0	0	0	0	0
65		AM02_01	PM2.5	2.681878726	1.847883667	6.044001009	1.083927057	92	51.64917111	10.73152721		26.31966472		0		0			0	0	6.861274689	3.691446409	0.746914744	0	0
66		AM02_01	PM2.5	0.893959575	1.066876133	3.431744101	1.048339735	49	60.16346216	13.96813393		1.505155675		0.007941419		2.295741625			0	0	13.97617906	0	2.482057363	3.536969051	2.064346336
64		AM02_01	PM10	6.034227133	2.771825501	9.923937539	1.298782795	282	46.40044868	0		0.820744224	40.27761221	0		0			8.201807737	1.01638753	0	0	0.073376246	0	3.209618106
68		AM02_01	PM10	8.827850805	3.352606261	11.71670725	1.237503139	347	44.79504526	10.73824093		12.74496317	17.26565361	0		3.617203608		5.629882962	0	0	0	5.209003016	0	0	0
67		AM02_01	PM2.5	0.558724735	0.84343964	2.612256908	0.971905435	39	38.23984861	14.5508334		1.066873595		0		0.013316839			0.193148362	27.93292403	0	18.00305694	0	0	0
69		AM02_01	PM2.5	3.017113566	1.959976608	8.470610535	1.892465218	157	44.25709546	4.558577016		7.732382417	23.98906648	1.728931442		0			1.665846072	14.71423656	1.353866421	0	0	0	0
73		AM02_01	PM10	7.59865639	3.110451704	10.37212997	1.126650542	228	54.75224853	0		5.632216483	18.52640808	3.069278225		0.809616782			0	0	0	3.845669702	1.370970719	0	11.99359819
72		AM02_01	PM2.5	0.558724735	0.84343964	2.612256908	0.971905435	17	20.71492225	54.66197729		20.72346509		0.024360628		2.191387489			0.152244733	0.163134222	0.183469581	0.208267965	0.253482512	0.317569193	0.405719085
70		AM02_01	PM10	5.698992292	2.693730193	10.0008352	1.396576108	243	59.74069238	0		7.406137139	26.3739109	0		0			1.523835491	0.369756459	0	0	2.626022883	1.959645003	0
74		AM02_01	PM10	5.698992292	2.693730193	9.366995392	1.225159634	365	52.50834823	0		3.537712246	36.39574945	0.081889116		0.909504388			0	0	0	0	3.638416901	2.168981731	0.759383803
75		AM02_01	PM2.5	0.782214628	0.997971241	3.246096719	1.071981064	37	52.21633315	0		12.00625375		0		0.015368585			0	6.536062062	2.142012864	0	19.42279488	6.18169643	1.479484979
76		AM02_01	PM2.5	1.899664097	1.555225852	5.224513816	1.143418159	74	35.15248299	34.46777761		12.45631278		3.60164158		0.394304469			0	0	4.639751464	3.138406202	2.035773173	1.571732573	2.541814558
78		AM02_01	PM2.5	3.128858513	1.995942481	6.306546055	1.01155	137	49.38872159	0		7.842691243		1.142401062		8.39926973			1.65083278	2.606624179	2.358406782	0	10.54138616	7.814797014	8.254868537
79		AM02_01	PM2.5	0.670469681	0.923941834	2.79790429	0.929130466	40	0	0		2.716159821		0		13.68029714			0	0	0.191076589	8.007508516	17.5193429	0	57.8856051
80		AM02_01	PM2.5	0.335234841	0.653325536	1.978417097	0.929130466	12	25.11065304	27.81536281		0.120632839		0		0.015741568			3.45113948	1.279216912	0	0	0	14.38126564	27.8259933
81		AM02_01	PM2.5	2.234898938	1.68687928	6.569091101	1.53653627	103	53.78322601	14.31021541		22.52064049		0		9.100355953			0	0	0	0	0	0	0.285564945
83		AM02_01	PM2.5	0.558724735	0.84343964	2.612256908	0.971905435	16	65.06600976	2.37686187		31.08846247		0.020713807		0			0	0	0.154925149	0.367936655	0.313675636	0.268382975	0.343031506
84		AM02_01	PM2.5	2.346643885	1.728536893	6.940385866	1.633466308	88	64.5336628	0		29.4387579		0		1.830773056			0	0	0	0	4.196812958	0	0
85		AM02_01	PM2.5	2.681878726	1.847883667	6.120898673	1.111684066	93	39.52277303	17.01121926		5.034120753		5.788590387		10.04360691			15.6727463	0.174546684	0	6.752388179	0	0	0
86		AM02_01	PM2.5	0.670469681	0.923941834	2.79790429	0.929130466	26	48.41523767	29.77279723		0		0.008215303		0.089806173			0	2.099179663	0.059719902	0	0	19.55504268	0
87		AM02_01	PM2.5	0.782214628	0.997971241	3.246096719	1.071981064	33	27.6314199	22.01676816		0		0.010654425		0.017282419			0	0	0	50.3238678	0	0	0
88		AM02_01	PM2.5	0.893959575	1.066876133	3.322994383	0.982950097	46	37.01866865	0.944733527		4.193781316		2.581035905		0.09403947			8.989156038	21.31826282	11.94606647	12.91426569	0	0	0
89		AM02_01	PM2.5	0.670469681	0.923941834	2.874801954	0.980904789	28	60.79269648	16.23719186		0		0.010986639		0			0	0	0	2.825582586	14.46375549	0	5.669793487
90		AM02_01	PM2.5	1.005704522	1.131593022	3.694289147	1.079894928	44	20.27052045	0		19.22968626		0		1.021623518			27.76655853	15.07695913	0	0	0	14.45268989	2.181964368
92		AM02_01	PM10	5.698992292	2.693730193	9.738290157	1.324211903	179	28.8313061	10.97752601		12.5965029		0.036104058		2.748567052			5.397330597	16.52458906	6.309737265	7.024692744	0	0	9.55363065
91		AM02_01	PM2.5	1.229194416	1.251023157	4.328128958	1.212746254	42	55.20159602	27.75394619		16.27550572		0.044647782		0			0.065224775	0.069965638	0.078776455	0.089494511	0.109072996	0.136807212	0.174956291
93		AM02_01	PM2.5	0.223489894	0.533438066	1.530224668	0.83376305	31	71.1114943	27.40707695		0		0.021902731		0			0	0.154394854	0.17395562	0.197869912	0.241581793	0.303369784	0.388344913
94		AM02_01	PM2.5	1.78791915	1.508790696	5.038866433	1.130076784	75	34.8976016	28.28761637		24.60126281		0.006626794		1.837334596			0	0	4.717139527	4.028109834	0	1.029425021	0.594878383
97		AM02_01	PM2.5	0.670469681	0.923941834	2.79790429	0.929130466	45	45.71357369	0		9.857817739		0.006003732		0.012594214			29.58594561	11.88824549	0	2.93582622	0	0	0
98		AM02_01	PM2.5	2.570133779	1.808976496	6.306546055	1.231452174	87	39.02477622	34.52085555		0.400548661		0		0			1.26449205	1.446590386	1.010122616	3.000108153	0	0	19.33250129
100		AM02_01	PM2.5	0.670469681	0.923941834	3.771186811	1.687979177	35	3.035221621	0		23.16337675		18.59672219		0			0	0	0	0	8.194333315	42.83329844	4.177049547
102		AM02_01	PM2.5	0.670469681	0.923941834	2.79790429	0.929130466	48	43.28199625	0		6.717924774		0.988939311		0			0	0	0.272534438	9.955246001	13.73743266	25.04592836	0
99		AM02_01	PM2.5	0.446979788	0.754395348	2.164064479	0.83376305	19	54.93635535	0		6.898881495		0.010075598		0.016757597			0	0.286820135	22.83814102	15.01297504	0	0	0
103		AM02_01	PM2.5	1.117449469	1.192803778	5.563956525	2.204599468	76	69.34482455	2.239463851		10.9701857		0		7.128700614			5.98724708	0	0	3.099329211	1.230247039	0	0
104		AM02_01	PM2.5	1.564429257	1.411344463	4.590674005	1.071981064	48	50.73753595	21.07167095		12.52581328		0.093799364		0			0	0	6.618888676	1.301012561	0	7.651275396	0
105		AM02_01	PM2.5	0.558724735	0.84343964	2.612256908	0.971905435	21	55.56790233	31.27182126		0		0		2.899764292			2.187438495	1.418133918	0.24042502	0.273126364	0.334750372	0.42007342	5.386567488
106		AM02_01	PM10	8.157381124	3.22277834	10.37212997	1.049482696	280	57.92022347	8.391360193		14.28301781		0		2.667308226			0	0	0	0	0	0.458260905	16.27982408
107		AM02_01	PM2.5	2.123153991	1.644166543	5.858353627	1.286351947	65	48.55262339	23.17125946		5.718567967		0.122853718		0			0.033648644	0	2.719020471	5.142253637	0.37016382	9.877823293	4.291791841
108		AM02_01	PM2.5	1.229194416	1.251023157	4.142481576	1.110940318	37	53.79351974	26.47019625		18.5928598		0.009105138		0			1.134326216	0	0	0	0	0	0
109		AM02_01	PM2.5	0.223489894	0.533438066	1.530224668	0.83376305	16	60.83105206	6.451899558		31.01529777		0		0.042159299			0.14987071	0.160641735	0.180715928	0.205197185	0.24985699	0.313135795	0.400173198
