Id	Area	Field	Class	Area (?m²)	ECD (?m)	Perimeter (?m)	Shape	Count	O Wt%	F Wt%	Al Wt%	Si Wt%	Cl Wt%	K Wt%	Ca Wt%	Ti Wt%	Fe Wt%	La Wt%	Ce Wt%	Pr Wt%	Nd Wt%	Sm Wt%	Gd Wt%	Dy Wt%
8		AM02_03	PM2.5	0.223489894	0.533438066	1.530224668	0.83376305	7	0	40.08096755	0.629016152		0.242277607		6.818085909			0	0	0	52.22963691	0	0	0
10		AM02_03	PM2.5	0.223489894	0.533438066	1.530224668	0.83376305	23	12.49266639	30.01741171	17.09229648		5.029960349		6.880623102			10.01578718	15.27172625	0.608979352	0	0	2.59054713	0
11		AM02_03	PM2.5	0.223489894	0.533438066	1.530224668	0.83376305	16	50.1163125	37.56008148	0.055453449		0.013654197		0			0	0	11.6395697	0	0.614922494	0	0
14		AM02_03	PM2.5	2.90536862	1.923338301	6.940385866	1.319338172	129	54.94292974	5.639825016	0		0.212844997		37.27278411			0.872238167	0	0	0	1.059383899	0	0
12		AM02_03	PM10	21.23153991	5.199311129	19.44472826	1.41713883	755	39.42537606	5.395392329	19.73360926	21.16278112	0.375197222	6.738045812	0.261356379			0	0	0	0	2.202867344	2.830196545	1.875177585
18		AM02_03	PM2.5	0.335234841	0.653325536	2.164064479	1.111684066	26	0	6.849878281	4.497032985		0		11.99546382			2.917025425	14.1706273	16.17605984	25.71155727	0	0	17.68233776
15		AM02_03	PM2.5	0.335234841	0.653325536	1.978417097	0.929130466	24	50.27780533	32.2522223	0.356645603		2.189203538		13.74833286			0	0	0.126781117	0.308329007	0.243542739	0.218412932	0.27873253
17		AM02_03	PM2.5	1.005704522	1.131593022	3.694289147	1.079894928	48	53.284657	0	28.45294178		0		0.255190907			9.43858698	0	0	0	3.317179903	5.251449719	0
16		AM02_03	PM2.5	0.558724735	0.84343964	2.612256908	0.971905435	22	91.22375846	0	0		0		0.213545258			0.766759831	0.823962782	0.927030761	1.055828668	1.291048061	1.621878892	2.076188661
20		AM02_03	PM2.5	0.223489894	0.533438066	1.530224668	0.83376305	9	97.4752605	0	0		0.150783395		0			0.99914344	0	0	1.37481587	0	0	0
19		AM02_03	PM2.5	0.335234841	0.653325536	2.240962143	1.192092698	23	42.59065986	15.99347442	17.02168882		0		0.03380125			3.003710322	10.76723337	10.58943421	0	0	0	0
23		AM02_03	PM2.5	1.676174204	1.46088031	5.038866433	1.205415236	62	57.50231147	0	17.81907976		4.460026324		6.008166447			7.603158057	0	0	3.856220469	1.772749424	0.978284888	0
24		AM02_03	PM2.5	0.335234841	0.653325536	1.978417097	0.929130466	27	36.80230081	14.59905356	10.27729213		0		0.01439396			0	0	0	0	0	14.23868835	24.0682736
22		AM02_03	PM2.5	3.575838301	2.133752265	7.913668387	1.393695698	122	46.41839266	10.46035439	8.349562436	29.57297862	0.976399239		0			0	0	0	0	0	4.222307354	0
25		AM02_03	PM2.5	0.558724735	0.84343964	2.612256908	0.971905435	32	72.85607457	0	16.13679379		0.771313813		9.705734253			0	0	0.53008995	0	0	0	0
27		AM02_03	PM2.5	0.223489894	0.533438066	1.530224668	0.83376305	27	87.05778122	5.90134263	3.620580211		2.44735498		0.023668696			0.085255306	0.091520773	0.103102031	0.117207249	0.14299961	0.179497385	0.229693251
30		AM02_03	PM10	6.928186708	2.970057456	10.18648259	1.191842992	226	48.61187041	18.17942262	14.93015289		3.823296726		2.247694135			0	5.964003131	0	0	0	6.243563816	0
29		AM02_03	PM2.5	1.564429257	1.411344463	6.012148954	1.838627158	59	43.56108606	0	39.7707969		0.009298259		0			0	0	0	0	0	0	16.65882915
28		AM02_03	PM2.5	1.899664097	1.555225852	4.776321387	0.95565339	104	39.48427141	9.035587311	17.36505777	22.72660732	0		0			0	0	1.380723529	0	0	2.264638804	7.743118703
32		AM02_03	PM2.5	1.45268431	1.360005555	4.142481576	0.940026423	71	46.64411545	0	1.275795419	28.13420892	0.06455672		2.914799564			0	0	1.704469509	0	1.945978403	0.561348628	16.75471514
36		AM02_03	PM2.5	0.670469681	0.923941834	3.060449336	1.111684066	32	0	0	38.88882995		2.03620214		13.12175095			23.31976593	16.84958935	0	0	0	5.783854052	0
39		AM02_03	PM2.5	1.564429257	1.411344463	4.590674005	1.071981064	57	33.66501927	0	3.539996222		0.016773367		1.460084785			29.79466617	0	0	0	0	0	31.52346611
38		AM02_03	PM2.5	0.335234841	0.653325536	1.978417097	0.929130466	31	40.51521122	4.059870169	2.977118827		0.015211247		2.276597917			0.50422051	5.271654949	0	0	32.56956041	9.409933537	2.400621027
40		AM02_03	PM2.5	4.246307982	2.325202624	9.181348009	1.579761568	168	73.81174564	0	13.67929578		0		3.392164037			0	0	0	3.425655141	0	5.691133812	0
37		AM02_03	PM2.5	4.246307982	2.325202624	10.52592529	2.076343548	214	30.68893552	4.333845899	5.540321767	25.62181354	0		2.172205783			0	6.2668778	5.889153108	4.052693769	0	13.05914223	2.375008911
41		AM02_03	PM2.5	1.229194416	1.251023157	3.87993653	0.974582929	54	35.08117795	13.47876638	7.738262415		1.144205779		2.109067701			0	0	0	0	0	16.00894928	24.43956733
47		AM02_03	PM2.5	3.128858513	1.995942481	6.754738484	1.160436259	106	42.7400738	1.461350173	4.080935568		0		1.481689233			0	0	3.912273049	0	0	4.871995375	41.4516896
43		AM02_03	PM2.5	0.223489894	0.533438066	1.530224668	0.83376305	12	17.64922142	29.36832309	0.133932964		0.799533259		0.366462348			1.72475148	0.583512522	0	0	0	17.9533571	31.42091334
42		AM02_03	PM2.5	0.446979788	0.754395348	2.79790429	1.393695698	39	73.94789457	0	24.6712923		0.009999014		1.370819844			0	0	0	0	0	0	0
48		AM02_03	PM2.5	0.223489894	0.533438066	1.607122332	0.919665974	22	61.83051467	0	27.48681009		1.235540863		0			0.087693357	2.011457644	2.177472413	0	5.170512944	0	0
44		AM02_03	PM2.5	0.782214628	0.997971241	3.246096719	1.071981064	29	50.10794997	0	10.04485786		0.188246777		8.600923419			0.310249743	0.483603776	0	0	0	2.132223733	28.13194394
45		AM02_03	PM2.5	1.78791915	1.508790696	5.224513816	1.214881794	79	57.83455968	0	10.78248397		0.004876444		0			24.12052006	4.550366104	0	2.707190067	0	0	0
46		AM02_03	PM2.5	3.24060346	2.03127164	7.126033249	1.246981279	133	43.69711876	0	19.9579522	31.34707212	0.025802769		1.000325475			0	0	0.706721935	0	0.115005125	3.149993345	0
50		AM02_03	PM2.5	0.558724735	0.84343964	2.612256908	0.971905435	28	91.23437405	0	8.722996712		0.018261941		0.024359852			0	0	0	0	0	0	0
55		AM02_03	PM2.5	1.005704522	1.131593022	3.508641765	0.974087097	43	63.97255659	0	0		0		0.020338116			0	0	0	0	1.120024454	33.4323734	1.454706397
49		AM02_03	PM2.5	1.45268431	1.360005555	4.328128958	1.026169907	76	30.32564819	11.69307232	13.78269792		0.428639073		3.369485587			2.495320514	13.66042495	0	0	0	7.719236612	16.52546972
53		AM02_03	PM2.5	2.123153991	1.644166543	6.383443719	1.527280156	106	52.39588618	15.17500281	7.807821035		0		0			0	0	0	3.278278559	12.3654671	3.008968011	5.968571454
54		AM02_03	PM2.5	0.670469681	0.923941834	3.508641765	1.461130645	36	39.92366791	3.215805441	5.552361161		0		9.858620912			0	14.70612586	13.09476197	0	2.87303701	3.376238048	7.399382442
52		AM02_03	PM2.5	4.469797876	2.385607556	7.836770723	1.093393614	179	19.85927671	12.63723522	0.076784956		0		0		65.92226624	0.197685044	0	1.306752581	0	0	0	0
57		AM02_03	PM2.5	0.558724735	0.84343964	2.612256908	0.971905435	51	56.97326064	16.80800468	6.817169487		0.143815228		0			1.061659679	0.433613965	3.385925293	7.203637064	7.172917575	0	0
58		AM02_03	PM2.5	0.335234841	0.653325536	2.240962143	1.192092698	20	32.00770915	14.99928385	0.143933017		0		8.993878216			4.543400556	11.16179973	0	0	0	28.15000117	0
56		AM02_03	PM2.5	0.558724735	0.84343964	2.874801954	1.177085747	25	10.85094362	21.09422684	8.666469157		1.558850333		2.326077595			0	0	0	0	0	7.617626339	47.88579643
59		AM02_03	PM2.5	0.223489894	0.533438066	1.530224668	0.83376305	7	85.71788073	0	2.785511874		0.156224531		0.277445139			0.991963223	1.065578684	1.198153477	1.36434231	1.667695493	2.09460482	2.68059466
60		AM02_03	PM2.5	0.558724735	0.84343964	2.612256908	0.971905435	10	38.36940825	43.94959211	13.17398846		2.687478624		0.04486891			0.160017936	0.17159112	0.1930926	0.219333451	0.267231581	0.335057685	0.428339653
61		AM02_03	PM2.5	0.335234841	0.653325536	2.164064479	1.111684066	22	19.04520988	35.23404598	0.275847455		9.906259179		10.5810374			0	7.429087162	0.773163466	0	0	16.75535738	0
62		AM02_03	PM2.5	0.223489894	0.533438066	1.530224668	0.83376305	33	33.42726529	0	11.07761338		0.770315249		9.748559445			1.809985563	1.857866347	0	0	0	4.383718222	36.92468107
64		AM02_03	PM2.5	3.017113566	1.959976608	6.754738484	1.20341538	105	37.25857139	2.738377266	19.44084615		0.348980981		2.646222897			6.027586013	2.041441761	0	0	0	16.62801504	12.86996603
69		AM02_03	PM2.5	0.223489894	0.533438066	1.530224668	0.83376305	16	13.64168376	13.1334573	0.110393856		3.257220984		33.7820977			17.01407135	0	0	0.476854434	0	18.58421862	0
71		AM02_03	PM2.5	0.670469681	0.923941834	2.79790429	0.929130466	61	38.03724647	6.080070511	13.99187446		0		0.006240921			3.249677643	10.29149815	9.723320603	11.19976863	1.008624211	0	6.411672384
73		AM02_03	PM2.5	0.223489894	0.533438066	1.530224668	0.83376305	30	15.53316712	10.91795191	0		0		0			1.274408866	0.106218923	0	0	0	11.07776091	61.0904932
72		AM02_03	PM2.5	1.78791915	1.508790696	5.487058862	1.340051527	73	19.72554028	0	24.77320284		0		0.684850384			0.627734745	15.02857953	12.50962019	0	0	0	26.65047348
74		AM02_03	PM10	7.375166496	3.06436839	10.10958492	1.102770034	249	27.32792795	7.912234962	16.44208282	12.81007826	0		1.553246379		32.33888149	0	1.423191093	0	0.192356715	0	0	0
75		AM02_03	PM2.5	1.899664097	1.555225852	5.858353627	1.43768747	79	39.34545517	5.075076967	0.267595332	26.45272911	1.529031154		0.655412814			3.942770138	9.416084737	0	0	0	0	13.31583112
76		AM02_03	PM10	11.62147448	3.846676601	13.17003426	1.187688941	401	29.41996157	7.103896141	16.79886281	19.66196746	0.019181528		0			5.22631146	7.459718734	5.464708433	8.102381229	0	0	0.743003562
78		AM02_03	PM2.5	0.782214628	0.997971241	3.694289147	1.388436336	44	61.18535995	0	0		0.015441116		0			0	0	4.087362811	0	27.34981775	0	7.362021506
77		AM02_03	PM2.5	0.558724735	0.84343964	3.431744101	1.677343577	44	50.76522827	21.203655	18.18827391		0.382528757		0			1.775924303	3.042758442	0	0	0	4.641630873	0
80		AM02_03	PM2.5	0.335234841	0.653325536	1.978417097	0.929130466	53	51.48098469	0	15.68422467		0.00632342		0.417492492			0	0	8.690821379	10.85226387	7.52139166	5.346498638	0
81		AM02_03	PM2.5	0.670469681	0.923941834	2.79790429	0.929130466	21	43.00398529	0	0		1.270965394		7.262469083			0	36.69796586	9.05136019	0	0	0.647332892	2.065924369
82		AM02_03	PM2.5	0.335234841	0.653325536	1.978417097	0.929130466	25	92.44913459	0	5.866053328		0.022253429		0.04034841			0.145525869	0.156272668	0.176051934	0.200220663	0.2444237	0.306899357	0.392808812
83		AM02_03	PM2.5	0.558724735	0.84343964	3.508641765	1.753356774	13	46.38563395	0	0		1.085668895		0			0.123998488	0.428717909	2.571275644	2.584222518	6.398751587	0	40.4217273
84		AM02_03	PM2.5	0.670469681	0.923941834	3.060449336	1.111684066	16	0	0	5.385143682		0		0.043672809			85.7973516	0	0	3.688502684	0	0	5.085322261
85		AM02_03	PM2.5	0.223489894	0.533438066	1.530224668	0.83376305	10	49.18710589	6.611252576	11.10123768		0.009795617		20.58691084			0	0	1.962273568	0	10.54141298	0	0
86		AM02_03	PM2.5	1.229194416	1.251023157	3.956834194	1.013596872	48	64.41961527	9.169972688	16.95557535		0.020349152		0.788783096			1.944599114	2.232832462	0.717349024	0	0	3.750907257	0
87		AM02_03	PM2.5	1.899664097	1.555225852	5.224513816	1.143418159	66	53.43384147	0	4.161515832		0.033192683		1.267673168			0	0	0	11.42371818	0	29.68004644	0
88		AM02_03	PM2.5	0.782214628	0.997971241	3.694289147	1.388436336	26	42.55196452	3.060595877	11.09617725		0		0.013058771			0	0	0.369085977	0	0.0732705	36.22001112	6.615830958
89		AM02_03	PM2.5	1.676174204	1.46088031	5.487058862	1.429388295	97	44.38848794	24.3714124	0		0.248775701		0			0	0	10.55416688	0.49163592	8.1264548	0	11.81907505
90		AM02_03	PM2.5	2.793623673	1.88598837	6.044001009	1.040569974	101	32.73385167	13.28179389	2.037949115	32.65208602	1.171656977		2.291351929			5.861245468	5.31071946	0	0	0	4.659340531	0
92		AM02_03	PM2.5	0.446979788	0.754395348	2.426609525	1.048339735	26	52.58390307	0	44.72835064		0.036505185		0			0.380343338	0.301816082	0.264291954	0.299889292	0.364791532	0.456797378	0.583301112
91		AM02_03	PM2.5	2.793623673	1.88598837	6.120898673	1.067216704	114	48.24950397	13.15288246	0		1.946789026		14.84801322			2.594710886	9.656187892	2.695801109	6.856119633	0	0	0
94		AM02_03	PM2.5	0.335234841	0.653325536	2.240962143	1.192092698	35	49.56573546	0.912384223	0.329439202		5.56557104		0.012402455			29.08646762	11.63565814	0	2.892338671	0	0	0
93		AM02_03	PM10	13.74462847	4.183324574	14.48275949	1.214394434	644	49.44649637	1.412312128	0	39.37760293	0.019204033		0			2.604534477	2.550880797	0	0	0	0	4.588971287
95		AM02_03	PM2.5	1.340939363	1.306651072	4.142481576	1.018361958	45	32.89373219	0	0		0.824986957		4.558688402			0	4.867171869	9.266503155	1.160837151	4.750513285	3.190317005	38.48726153
97		AM02_03	PM10	8.380871018	3.26662768	14.32896416	1.949532915	267	47.15847075	5.902106315	9.371744841		0		1.262068003			0	0	0	0	0	9.582711011	26.72290206
98		AM02_03	PM2.5	0.335234841	0.653325536	2.164064479	1.111684066	27	36.71147823	13.30892444	13.62734437		0		24.93758351			0	0	6.41541183	0	0.947862212	2.799479291	1.251915842
99		AM02_03	PM2.5	0.446979788	0.754395348	2.164064479	0.83376305	10	32.8215003	0.761671038	14.09165263		15.13340771		0.307141896			0	0	5.208941549	10.92291474	11.49462089	9.258147329	0
100		AM02_03	PM2.5	2.793623673	1.88598837	6.229648392	1.105475964	92	24.47916567	11.12445816	0		0		0			31.03505373	24.83002394	4.663806409	3.867494315	0	0	0
101		AM02_03	PM2.5	1.340939363	1.306651072	4.142481576	1.018361958	72	58.33981633	0	8.416488767		0.647527725		0			0	17.38850027	4.455319047	9.569317847	0	0	1.183027402
102		AM02_03	PM2.5	1.899664097	1.555225852	5.672706244	1.348012472	56	59.44359303	0	13.5618031		0.431768969		9.992611408			5.168510228	0	0	1.938224025	0	9.46348384	0
104		AM02_03	PM2.5	2.681878726	1.847883667	6.306546055	1.180141667	111	12.13564128	11.2380825	32.6510191		1.549618039		2.671108581			0	0	7.023367286	32.7311635	0	0	0
103		AM02_03	PM2.5	2.011409044	1.600314199	5.410161198	1.158004236	97	70.88609338	12.20930219	12.67779469		0.333542144		0			1.447820198	0	0	0	0	2.44544372	0
105		AM02_03	PM2.5	1.229194416	1.251023157	4.96196877	1.593960703	66	59.40492749	0	0.672126701		0.235720212		0.339924684			8.294980228	1.906871051	0	8.243367076	20.90207338	0	0
106		AM02_03	PM2.5	1.117449469	1.192803778	4.142481576	1.22203435	43	6.491241604	2.738296241	0		0.005330975		0.0785465			9.630156308	8.291766793	15.11202604	0	9.775656462	5.680488795	42.1964854
107		AM02_03	PM10	25.58959284	5.708036575	20.63551022	1.324210975	762	53.27255726	2.030835487	16.68646485	22.05356508	0.865542516		1.846279763			0	0	0	0	3.244753182	0	0
108		AM02_03	PM2.5	1.899664097	1.555225852	5.038866433	1.063601679	94	42.12263525	10.9397836	9.240353853		0		2.034771629			10.27249023	8.588369191	5.490636453	0	0.034382383	8.226791769	3.049792349
112		AM02_03	PM2.5	0.558724735	0.84343964	2.612256908	0.971905435	16	59.09152031	0	2.602526359		14.35854882		0			0	0	9.501611441	0	4.602441564	7.608496398	2.234846726
109		AM02_03	PM2.5	2.458388832	1.769213915	5.595808581	1.013596872	113	70.38835883	0	0		0		14.94002342			0	4.456720874	3.516541794	0	0	6.698359549	0
111		AM02_03	PM2.5	0.782214628	0.997971241	3.322994383	1.123371539	21	76.42899752	0	3.961109743		0.024663715		13.72554898			0.164175162	0.175635307	0.197151885	0.223624962	0.272361212	0.591560779	4.235171154
110		AM02_03	PM2.5	1.005704522	1.131593022	3.431744101	0.931857543	54	59.6698463	16.85255915	0.959003996		0		18.03919822			1.460506022	2.014532685	0.904229749	0.04001112	0	0.060109189	0
114		AM02_03	PM2.5	0.223489894	0.533438066	1.530224668	0.83376305	5	0	0	44.51417029		0.956464838		1.461082045			4.889279976	5.210150406	5.806199089	6.569106877	7.957592607	9.957588464	12.67835498
113		AM02_03	PM2.5	3.911073142	2.231531534	7.945520442	1.284514162	175	39.91193473	0	0		0		0	43.85414422		10.65738425	5.576534942	0	0	0	0	0
