Id	Area	Field	Class	Area (?m²)	ECD (?m)	Perimeter (?m)	Shape	Count	O Wt%	F Wt%	Al Wt%	Si Wt%	S Wt%	Cl Wt%	Ca Wt%	Br Wt%	Rb Wt%	La Wt%	Ce Wt%	Pr Wt%	Nd Wt%	Sm Wt%	Gd Wt%	Dy Wt%
6		BU02_03	PM2.5	0.446979788	0.754395348	2.164064479	0.83376305	28	88.52608204	0	0			0.159008044	0			1.013423782	1.089017373	1.224632375	1.39501188	1.706005633	2.143313549	2.743506432
4		BU02_03	PM2.5	1.676174204	1.46088031	4.853219051	1.118229051	54	18.76339912	0	11.60526276			4.868269339	30.55079579			0	0	1.189915091	0	33.02235603	0	0
5		BU02_03	PM2.5	2.458388832	1.769213915	6.569091101	1.396851155	99	27.65834928	35.61222851	3.178878129			0	3.090422601			8.289900422	18.17902327	3.991201147	0	0	0	0
3		BU02_03	PM2.5	0.446979788	0.754395348	2.164064479	0.83376305	16	0	15.23399353	0.277206069			0.048234331	0.071950682			0	0	31.67690039	5.820923671	19.02476102	21.65543437	6.190594658
1		BU02_03	PM2.5	0.335234841	0.653325536	2.240962143	1.192092698	21	36.77623868	0	0			0.03966894	0			36.03647053	0	0	19.23786104	7.909762114	0	0
2		BU02_03	PM10	5.698992292	2.693730193	9.475745111	1.253772692	187	76.14709139	1.652978733	10.24348438			0	6.294497848			0	0	0	0	0	5.661951378	0
7		BU02_03	PM2.5	1.117449469	1.192803778	3.694289147	0.971905435	49	86.03510857	0.91754701	11.60155237			0.012655147	0.022748063			0	0	0	0	1.410379633	0	0
8		BU02_03	PM2.5	0.893959575	1.066876133	3.246096719	0.937983431	35	20.61002403	1.865854859	0			0.009376252	11.78001314			0	0	0	34.87046659	0	26.01591647	4.848361388
10		BU02_03	PM2.5	0.223489894	0.533438066	1.530224668	0.83376305	19	6.088336185	25.82449317	6.647955626			0.021304307	0.033290434			2.895988151	6.318268925	13.11180145	14.90186155	0	24.15668964	0
11		BU02_03	PM2.5	0.782214628	0.997971241	3.956834194	1.592795084	51	80.07777333	0	1.777238585			0.656578504	17.08344668			0.178964366	0.059158419	0	0.075345405	0.091500278	0	0
9		BU02_03	PM2.5	0.670469681	0.923941834	2.79790429	0.929130466	24	0	31.18711412	61.63322926			0.088721514	0.14504065			0.502928579	0.538872136	0.604672357	0.684609637	4.61480841	0	0
13		BU02_03	PM2.5	0.335234841	0.653325536	2.240962143	1.192092698	27	73.546803	24.20333177	0			0.030368776	0			0.198950432	0.21369562	0.240732287	0.273872167	0.334479893	0.420056982	0.537710171
14		BU02_03	PM2.5	2.123153991	1.644166543	6.383443719	1.527280156	88	33.5832119	0	2.83360891			0	9.535835683			14.64670449	24.13718551	9.18655023	6.076896563	0	0	0
15		BU02_03	PM2.5	2.793623673	1.88598837	8.995700627	2.305113008	112	32.05111325	0	0			0	23.68581146			0	0	0	14.67072666	9.461450577	12.71654367	7.414356619
16		BU02_03	PM10	21.90200959	5.280767437	18.28579835	1.214881794	678	51.17198825	0	0	14.84233588		0.193505373	0.402904442	22.43884355		3.981575742	6.968848407	0	0	0	0	0
18		BU02_03	PM2.5	0.670469681	0.923941834	3.060449336	1.111684066	43	72.31116295	0	2.201836184			6.585533917	16.86631441			1.110975724	0.577684818	0	0.083520118	0.101394032	0	0.161577133
17		BU02_03	PM2.5	1.45268431	1.360005555	5.038866433	1.390863734	65	24.01756942	0	9.113576263			0	12.47803718			10.09866968	15.02266228	25.32694936	3.94253321	0	0	0
19		BU02_03	PM2.5	2.234898938	1.68687928	6.044001009	1.300712468	82	53.40961218	26.12879872	7.760696113			0.007352389	4.631207138			0.493855029	2.676942945	0.742256967	0.099685078	0	4.049598426	0
21		BU02_03	PM2.5	1.564429257	1.411344463	4.328128958	0.952872057	64	16.98051244	1.155621093	14.96328413			2.017446607	6.433920562			2.172873542	7.575029135	13.21700364	35.48431396	0	0	0
23		BU02_03	PM2.5	0.893959575	1.066876133	3.246096719	0.937983431	40	16.56265557	0	23.69678617			0.006740577	0.325103616			23.9967972	2.938397601	0	32.47351944	0	0	0
22		BU02_03	PM2.5	0.335234841	0.653325536	2.164064479	1.111684066	17	85.45490503	0	0			6.115277112	0.207225			0.739235384	0.793440547	0.892249774	1.014965307	1.238941029	1.554903388	1.9888537
24		BU02_03	PM2.5	4.581542823	2.415243569	8.841905299	1.35790724	139	42.81542599	0	0.901652873			1.035070419	7.825671881			0	0	12.99378574	4.158526286	7.317203283	10.07960886	12.87304163
25		BU02_03	PM2.5	0.893959575	1.066876133	3.246096719	0.937983431	36	22.07192034	3.893068433	4.516268149			0.009998709	11.00972965			45.0620532	7.850713283	0	5.586252734	0	0	0
27		BU02_03	PM2.5	0.670469681	0.923941834	2.79790429	0.929130466	23	76.42482519	0	1.455163676			2.669985965	18.03251654			0	0	0	0.604080036	0	0	0.813435297
26		BU02_03	PM2.5	0.223489894	0.533438066	1.530224668	0.83376305	22	50.29147267	37.66446412	0.016539911			0.026636638	0			9.208747	1.94458887	0	0.847554021	0	0	0
28		BU02_03	PM2.5	0.782214628	0.997971241	4.033731857	1.65530586	28	69.49772835	0	28.51846516			0	0			0.178986427	0.191899645	0.215907907	0.245219306	0.298704137	0.374456123	0.47863517
30		BU02_03	PM10	8.604360912	3.309896157	10.71157268	1.061152972	203	47.64337242	6.078330427	6.101990119	16.67142212		0	3.583650291			2.601354569	0	0	0	0	1.018560678	16.30132049
29		BU02_03	PM2.5	4.246307982	2.325202624	9.366995392	1.644293193	139	54.90705967	2.0819759	0.243764929	32.16057718		3.258087113	1.860266551			0	1.860469952	3.10546346	0	0	0.522321276	0
32		BU02_03	PM2.5	0.893959575	1.066876133	3.508641765	1.095847984	28	12.83286661	7.421606779	11.49364263			0.012810589	0.019751659			0	8.132173866	30.51721156	13.1302774	0	16.43965542	0
34		BU02_03	PM2.5	0.446979788	0.754395348	2.164064479	0.83376305	34	57.99618363	13.67521137	15.96840024			10.21939293	0			0.193734979	0.207542558	0.233347155	0.264841481	0.322234468	0.403599255	0.515506091
33		BU02_03	PM2.5	2.123153991	1.644166543	6.831636147	1.749275031	76	37.15097606	23.79834652	7.594551146			8.114365488	0			0	0	7.055770606	8.307050914	0	0.907073729	7.07186684
31		BU02_03	PM2.5	0.893959575	1.066876133	4.21937924	1.584781449	32	51.36477947	0	0.522652408			0	12.57618219			27.50736773	4.432273284	0	3.596749157	0	0	0
35		BU02_03	PM10	5.475502398	2.640383718	10.07773287	1.476018656	233	40.90289772	5.095903575	11.17799804			0.057023944	2.958956361			8.023422956	6.078316644	0	0	0.55480171	2.461240627	22.68944085
38		BU02_03	PM2.5	2.681878726	1.847883667	5.858353627	1.018361958	80	34.85105038	0	55.98530769			0.128552923	4.626599327			0	0	0	0	0	4.408482462	0
39		BU02_03	PM2.5	1.229194416	1.251023157	4.513776341	1.31901468	42	68.60748529	0	5.728746951			0	20.96199244			1.336094458	0	0	0.062166044	0.501813786	2.801693976	0
40		BU02_03	PM10	6.592951867	2.89731031	10.26338025	1.271425946	174	51.23201013	0	14.25523609			1.071263663	0			0	12.72190064	20.39250433	0	0	0.327079766	0
41		BU02_03	PM2.5	0.446979788	0.754395348	2.426609525	1.048339735	18	0	83.80681276	0			0.229567965	0.396226626			1.40146995	1.503718831	1.68853756	1.921070926	2.345132641	2.94347778	3.763968125
42		BU02_03	PM2.5	0.335234841	0.653325536	2.164064479	1.111684066	23	79.21418548	0	0			0.401160773	18.96159649			0.187751243	0.132281135	0.148564856	0.168389559	0.204433128	0.255611585	0.326020853
43		BU02_03	PM2.5	3.352348407	2.065996747	7.836770723	1.457858152	133	49.40519929	0	2.557170391			4.799340665	1.27365794			0	0	0	0	3.72402817	0.970990676	37.26961017
44		BU02_03	PM2.5	0.335234841	0.653325536	1.978417097	0.929130466	31	26.21988356	51.71762705	1.495557278			0	2.813193388			0	0	0	0	0	17.75373667	0
46		BU02_03	PM2.5	1.78791915	1.508790696	4.96196877	1.095847984	68	50.62799454	0	13.46198171			0.078405667	0.041266382			3.243540227	2.55006291	2.0939596	4.25279811	0	18.5948655	5.05512543
48		BU02_03	PM2.5	0.446979788	0.754395348	2.426609525	1.048339735	49	79.70560789	0	1.08443303			0	15.73162973			0	0	0.919828098	0.441446668	0.536318496	0.724147726	0.856593903
47		BU02_03	PM10	9.721810381	3.518265684	11.9792523	1.174633584	316	52.4466455	21.39658481	13.4199053			0.476050377	0.61827465			0	0	0	0	0	11.64253503	0
51		BU02_03	PM2.5	2.458388832	1.769213915	8.208065488	2.180826859	63	58.64136815	4.52661626	0			0	12.17784137			19.36341524	2.731433697	0	2.559328638	0	0	0
50		BU02_03	PM10	9.051340699	3.394779067	11.74855931	1.213518638	353	48.83247316	17.06061959	24.04956967			0.878913049	3.348425403			0.42193667	0	0	0	5.408068746	0	0
52		BU02_03	PM2.5	4.022818089	2.263186044	7.388578295	1.079894928	104	52.47847438	2.109226398	13.4326905			1.917187497	0.00663876			0	0	0.691371877	0.050249079	0	0.681281229	28.6328733
53		BU02_03	PM2.5	0.223489894	0.533438066	1.530224668	0.83376305	22	60.20727158	5.8895614	2.422210947			1.682036929	0			18.10002327	0	0	8.581370115	3.117525019	0	0
55		BU02_03	PM2.5	0.223489894	0.533438066	1.530224668	0.83376305	30	26.21717155	31.84455633	17.18466878			2.347760648	0.44606626			0	0	0	6.265376508	8.264102787	7.143470645	0.286821206
54		BU02_03	PM10	6.14597208	2.79737282	9.552642774	1.1815351	228	44.47228014	11.62939668	13.14406991	21.28584832		1.355265174	0.478008715			2.790060081	0	0	4.039200395	0	0	0.805863738
56		BU02_03	PM10	9.498320487	3.477590725	13.9576694	1.632184057	271	37.27898002	16.86534882	15.71242362			0	1.022207364			9.196931869	12.40946278	0	0	7.514633238	0	0
60		BU02_03	PM2.5	0.335234841	0.653325536	1.978417097	0.929130466	13	57.37312436	0	0.02873303			0.045606954	0.074999634			0	0	0	0	1.35512054	41.12241268	0
58		BU02_03	PM2.5	4.246307982	2.325202624	14.5278051	3.955292952	164	41.19059145	14.27030712	2.226527594			1.680782437	2.582985722			0	1.296039671	18.76366884	0	4.975545406	13.01355511	0
59		BU02_03	PM2.5	0.782214628	0.997971241	3.508641765	1.252397696	42	33.39608908	0	1.200279128			1.348588988	0.520928903			3.197634593	0	1.087790914	1.975964382	1.757857949	1.362895779	54.15197611
61		BU02_03	PM2.5	1.676174204	1.46088031	4.96196877	1.168904516	66	25.14975667	10.1831682	5.866100639			0.006317275	0.293487217			5.45807071	6.783338636	30.02311289	10.63230336	0.134266901	5.470089987	0
62		BU02_03	PM2.5	0.335234841	0.653325536	1.978417097	0.929130466	27	37.45617568	0	0			0.019663604	3.26167196			0	0	0	59.26247835	0	0	0
63		BU02_03	PM2.5	0.558724735	0.84343964	2.612256908	0.971905435	24	0	0	28.60819101			0.516507495	0			0	0	66.24040008	0	0	0	4.634902626
64		BU02_03	PM2.5	0.893959575	1.066876133	4.481924286	1.788139047	49	57.32526183	0	0			0	15.51936269			0	0	6.321121007	0	0	20.83425224	0
66		BU02_03	PM10	6.816441761	2.946008012	10.18648259	1.211381401	205	52.03419328	19.93447095	16.85924828			0	0			3.153309226	0	0	1.466751657	6.55202046	0	0
68		BU02_03	PM2.5	0.782214628	0.997971241	3.060449336	0.952872057	26	18.24080199	15.8122316	47.44674563			14.85482156	0			0.589758763	0	0	1.095432416	0.568596832	0.611872133	0.779739628
69		BU02_03	PM10	7.486911443	3.087496027	11.45416221	1.394485805	244	62.02450395	0	17.65576303			3.172999248	9.165164083			7.981567085	0	0	0	0	0	0
70		BU02_03	PM2.5	0.558724735	0.84343964	2.612256908	0.971905435	41	34.53416824	26.1505574	4.147668183			0.073194446	5.13172932			0.702875433	0	0	11.64758801	0	8.36776644	9.244459867
72		BU02_03	PM2.5	1.229194416	1.251023157	3.87993653	0.974582929	48	50.65208077	16.73272997	16.36709422			0.383493234	11.69958636			0.292984466	0.265650847	0	0	0	0	3.606370836
73		BU02_03	PM2.5	0.335234841	0.653325536	2.164064479	1.111684066	20	0	84.04713273	2.454676852			2.057136409	0.283899438			1.005353313	1.078372262	1.211508177	1.377623715	1.680576429	2.108311281	2.695402503
76		BU02_03	PM2.5	3.128858513	1.995942481	6.229648392	0.987032111	83	79.76629734	0	5.427090824			0	1.485884376			0	0	0	0	13.32073063	0	0
78		BU02_03	PM2.5	1.676174204	1.46088031	5.487058862	1.429388295	81	36.28979325	0	12.02762127			2.23567877	0			0.196899404	7.953740656	9.524747729	9.3239218	1.301695034	0	21.14589661
75		BU02_03	PM10	34.86442343	6.662639313	45.42669556	4.710097978	1237	51.70233846	3.943618014	14.88220096	20.73197663		0	4.365475476			0	0	0	0	1.0903446	2.921139263	0.362912286
77		BU02_03	PM10	17.76744656	4.756281695	15.7053935	1.104746826	502	38.2404089	0.369528984	0		16.19365215	0	19.50373203			0	0.27004513	4.352881759	0	7.73935318	2.887817286	10.44258252
79		BU02_03	PM2.5	3.017113566	1.959976608	13.07447809	4.508657047	163	33.21403563	0	1.492239907			0	10.2455765			7.109600306	10.1717338	22.74273485	0	7.690446824	5.58854118	1.745089702
81		BU02_03	PM2.5	1.676174204	1.46088031	5.672706244	1.527747468	70	68.62581968	0	10.93408912			0.007204617	5.826460943			0	0	4.896979779	0	0	0	9.709439427
82		BU02_03	PM2.5	3.575838301	2.133752265	7.126033249	1.130076784	186	40.21730721	5.024088919	3.012171388			0.901880302	0.648461329		34.5933944	0	2.701231092	1.377112791	0	4.387828335	4.52708751	2.609425224
83		BU02_03	PM10	6.034227133	2.771825501	9.892085484	1.29045898	239	56.1267674	0	7.016579807	22.58737385		1.937995292	1.61107406			0	0	4.168796167	6.551417708	0	0	0
86		BU02_03	PM2.5	1.340939363	1.306651072	4.142481576	1.018361958	50	57.45945573	0	36.5654707			0	0			0	0	0	0	5.975082517	0	0
85		BU02_03	PM2.5	1.117449469	1.192803778	3.694289147	0.971905435	32	47.87714779	13.70184422	25.3541559			10.41385159	1.68076586			0.088313012	0.094510877	0.106193859	0.120410917	0.146276795	0.183000206	0.233528554
87		BU02_03	PM2.5	0.446979788	0.754395348	2.164064479	0.83376305	34	0	33.24056268	0.378995622			5.884182081	13.500157			0.601185765	5.002556741	0	0	30.39336205	8.820206672	2.178793773
88		BU02_03	PM2.5	0.335234841	0.653325536	1.978417097	0.929130466	10	40.77862203	35.92110872	7.805643231			0.021898237	0.037920082			3.1523671	6.677816063	0.162684114	0.652003335	0	4.789930955	0
89		BU02_03	PM2.5	2.011409044	1.600314199	5.224513816	1.079894928	92	77.39602327	0	11.92608252			0.046134114	0			0	0	1.370531786	0	9.261227399	0	0
90		BU02_03	PM2.5	0.893959575	1.066876133	3.246096719	0.937983431	47	15.7300815	3.271702304	0			0.007573218	0.148305797			0	24.02285933	14.98475522	0	0	34.44654047	7.3881872
91		BU02_03	PM2.5	1.564429257	1.411344463	5.224513816	1.388436336	64	0	0	53.64705324			0	9.361091256			0	1.022149902	2.479686588	0.484234095	2.047628164	6.351039559	24.60712641
93		BU02_03	PM2.5	0.446979788	0.754395348	2.426609525	1.048339735	43	38.63392472	0	21.77182436			0.0148739	0			7.808454335	0	0	30.78146577	0	0.989455357	0
94		BU02_03	PM2.5	2.346643885	1.728536893	5.858353627	1.163842238	110	84.98626351	0	0			6.471832842	0.012841298			4.564885423	0	0	0	0	3.964178637	0
96		BU02_03	PM2.5	1.78791915	1.508790696	4.776321387	1.015381726	79	36.93037927	34.45232213	0.15227414			0.253940327	13.52574974			0	0	0	5.656135082	9.029195458	0	0
95		BU02_03	PM2.5	0.446979788	0.754395348	2.164064479	0.83376305	31	68.56036782	0	1.742415689			0.0084229	21.41979188			1.555811428	3.471757099	1.257262845	0.458600838	0	1.52556831	0
104		BU02_03	PM2.5	1.78791915	1.508790696	4.776321387	1.015381726	83	20.40788084	14.62366134	29.84040082			2.906398289	0			0	0	17.20739156	0	0	15.01426101	0
106		BU02_03	PM2.5	2.458388832	1.769213915	5.410161198	0.947458011	102	69.92001534	6.88662678	0			0.012925755	15.58795869			0	4.748573899	0	0.199041329	0	2.644865029	0
108		BU02_03	PM2.5	0.223489894	0.533438066	1.530224668	0.83376305	11	71.76373005	0	0			8.178117871	0.044081916			0	4.234810919	10.51364243	0.562919443	0	4.702693224	0
109		BU02_03	PM2.5	1.45268431	1.360005555	4.96196877	1.34873598	51	37.46755719	0	0			12.08205521	0.027526071			16.49607718	28.32617462	0	0	4.562900215	1.03771314	0
111		BU02_03	PM2.5	0.782214628	0.997971241	3.060449336	0.952872057	49	85.7871592	0	0			0	11.09746024			0	0	1.119395252	0	0.473429495	0.901777018	0.620773295
110		BU02_03	PM2.5	0.223489894	0.533438066	1.607122332	0.919665974	21	11.29543036	4.395007715	21.39550447			0.220240746	5.383244529			40.5621171	16.74845219	0	0	0	0	0
112		BU02_03	PM2.5	0.558724735	0.84343964	2.612256908	0.971905435	34	0	0	2.973349392			0	12.83425242			5.33310473	0	0	35.4513377	25.96285045	9.612635523	7.832472771
113		BU02_03	PM2.5	0.893959575	1.066876133	3.246096719	0.937983431	39	0	0	0.177591969			0	26.18670762			0	0	23.89123291	14.25642222	0	2.296240628	33.19180012
114		BU02_03	PM2.5	1.564429257	1.411344463	7.542373622	2.893678589	84	63.78278732	0	10.5432719			0.009204319	5.014586449			0	5.145982653	14.72559273	0.778570212	0	0	0
115		BU02_03	PM2.5	1.005704522	1.131593022	3.431744101	0.931857543	45	31.5654397	31.65369034	0.298627396			0.526201259	0			6.30498752	2.461952157	0	0	0	26.205495	0.983604603
116		BU02_03	PM2.5	0.558724735	0.84343964	2.612256908	0.971905435	26	77.35779881	0	6.282638013			0.012445261	15.47178626			0	0	0	0.699683372	0	0.175648928	0
118		BU02_03	PM10	9.498320487	3.477590725	13.24693192	1.470191561	258	42.5403446	0	22.80132771			0	0.265225698			0	0	3.299773857	4.125552997	6.498811394	13.143076	7.325886935
117		BU02_03	PM2.5	3.017113566	1.959976608	7.01728353	1.298782795	59	20.65690756	7.283768803	15.74679613			0	8.717873693			0.301777106	0	0	0	0	9.413642436	37.87923753
120		BU02_03	PM10	5.363757451	2.613302144	10.0008352	1.483862115	176	53.64607573	0	13.4677127			0	10.55032536			3.952850774	0	0	4.015100375	14.36794251	0	0
119		BU02_03	PM2.5	3.128858513	1.995942481	6.492193438	1.071981064	139	67.21819639	9.457547218	15.91837108			0	2.455697395			3.402935341	0	0	0	1.547246985	0	0
122		BU02_03	PM2.5	0.893959575	1.066876133	3.508641765	1.095847984	37	60.02256274	0	1.093395334			17.37143099	0			8.422651887	0	0	0	2.093405463	10.99655852	0
125		BU02_03	PM2.5	0.558724735	0.84343964	2.612256908	0.971905435	20	84.73563194	0	12.66761422			0.034955482	0.062566274			0.224583945	0.241059694	0.271413173	0.308586704	0.376512879	0.472529978	0.604544114
124		BU02_03	PM2.5	0.446979788	0.754395348	2.164064479	0.83376305	39	18.76154542	0	0			0.011488952	2.207737602			0.339724822	1.843534969	3.646327555	3.729055077	0	58.50795507	10.95263287
126		BU02_03	PM2.5	4.358052929	2.35559872	9.181348009	1.539254861	119	76.12489462	0.422730111	0			0	7.985699922			0	0	0	0	0	10.08346453	5.383206531
127		BU02_03	PM2.5	0.446979788	0.754395348	2.612256908	1.214881794	27	95.48242688	0	0			0.657309126	0.05299027			0.788764935	0.679258909	0	0.645875838	0	0	1.693375222
128		BU02_03	PM10	7.486911443	3.087496027	10.37212997	1.143466221	217	45.84595263	18.02549809	2.325515635	21.30766958		0.467653852	0.417346554			0	2.624995448	0	0	0	2.090978436	6.894381344
130		BU02_03	PM10	8.716105859	3.331319657	13.1381822	1.575934636	302	47.33353555	2.416782826	3.667651117	22.26449251		0.300464313	0.199555396			0	0	0.444786996	0	9.124781936	0	14.24793899
129		BU02_03	PM2.5	0.558724735	0.84343964	2.612256908	0.971905435	15	47.73541391	47.52492607	0			0.04534593	0			1.220160909	0.819630362	0.35363934	0.402207393	0.49141692	0.61730626	0.789958332
133		BU02_03	PM2.5	2.011409044	1.600314199	5.333263534	1.125319451	66	0	0	23.64603281			0	0			8.12709108	48.40728343	17.61006564	0	0	0	2.209524624
131		BU02_03	PM2.5	0.670469681	0.923941834	3.060449336	1.111684066	21	34.54658389	14.35844004	11.08351648			0.015502945	0.025309436			2.757892385	6.904516369	0.456421217	0	21.43320143	0	8.418611437
139		BU02_03	PM2.5	0.223489894	0.533438066	1.530224668	0.83376305	20	55.76259494	29.82448041	7.761329412			6.651603431	0			0	0	0	0	0	0	0
141		BU02_03	PM10	6.369461974	2.847779989	10.26338025	1.316037382	189	31.93072677	20.37932128	11.63995117			0.591266854	0.426939782			0	9.297086298	0	0	0	25.73470175	0
142		BU02_03	PM2.5	0.223489894	0.533438066	1.530224668	0.83376305	25	88.23552132	0	8.420778811			0	0.081446464			0.292797247	0.314390427	0.353989541	0.402647303	0.491573848	0.617130753	0.789726619
143		BU02_03	PM2.5	0.446979788	0.754395348	2.426609525	1.048339735	38	0	21.50252163	9.407389164			14.26820308	22.99602926			16.01967961	10.80733314	0	0	0	4.118712991	0.880131125
144		BU02_03	PM2.5	1.899664097	1.555225852	5.147616152	1.110006779	62	29.8088491	0	2.113505267			0	12.11707294			1.301204413	1.707524434	3.601061925	5.623893812	0	43.72689128	0
145		BU02_03	PM2.5	0.782214628	0.997971241	3.246096719	1.071981064	22	11.81291044	0	0			0.043738639	1.282574795			0	2.068157308	54.0030241	0	8.974482119	13.36010098	8.455009758
146		BU02_03	PM2.5	1.340939363	1.306651072	4.328128958	1.111684066	45	42.22760499	0	0			0	0			6.287520379	0.847852323	0	14.33550715	17.26791412	7.888375223	11.14521474
147		BU02_03	PM2.5	0.335234841	0.653325536	2.164064479	1.111684066	22	50.72112083	0	14.63257521			1.990432851	31.40016198			0	0	0	1.007187366	0	0.248528086	0
149		BU02_03	PM2.5	0.223489894	0.533438066	1.530224668	0.83376305	11	0	57.42178559	0.606083404			0.04871258	38.18100095			0.377566251	0.365719898	0.408912683	0.461684959	0.556802424	0.692500407	0.879229512
148		BU02_03	PM2.5	0.223489894	0.533438066	1.530224668	0.83376305	14	43.15992892	0	0			0	0.049970625			2.192840166	1.81851387	11.50936708	18.84393841	22.4254474	0	0
150		BU02_03	PM2.5	1.899664097	1.555225852	5.487058862	1.261224967	72	62.06555963	0	3.801438585			0	3.610122576			0	0	13.14108521	0	4.560380429	9.707190841	3.114226647
151		BU02_03	PM2.5	0.893959575	1.066876133	3.246096719	0.937983431	36	85.85451245	0	0			7.409183681	0.165658083			0.591086643	0.63430029	0.713425409	0.811284781	0.989905093	1.242086478	1.588555984
152		BU02_03	PM2.5	0.223489894	0.533438066	1.530224668	0.83376305	17	0	35.96061468	39.94678557			0.37584207	0.610245019			2.104740776	2.250623703	2.520031668	2.858612314	3.474481031	4.349731281	5.548296124
153		BU02_03	PM2.5	0.670469681	0.923941834	2.79790429	0.929130466	54	31.33167624	22.66720235	17.90392548			13.81247938	13.65283728			0.121997169	0.074549863	0.083578954	0.094562821	0.114446611	0.142752624	0
154		BU02_03	PM2.5	0.335234841	0.653325536	2.240962143	1.192092698	24	14.72483873	42.99308062	0.859502051			0.021200671	4.564234987			0	0	7.942835987	14.16587979	14.7284314	0	0
155		BU02_03	PM2.5	0.335234841	0.653325536	2.164064479	1.111684066	24	0.487884227	1.99478697	0			3.404156119	0.015275879			3.806184977	7.042263448	44.4375366	15.13646543	12.31226772	5.747634172	5.615549535
156		BU02_03	PM2.5	1.005704522	1.131593022	3.694289147	1.079894928	31	36.77254617	0	0			0.011749414	0.018761326			10.68543345	26.63950622	13.91386092	6.773348898	5.184787512	0	0
157		BU02_03	PM2.5	0.670469681	0.923941834	2.79790429	0.929130466	48	0	48.52808714	0.354412338			2.759863064	47.60697186			0.584792998	0	0	0.165864395	0	0	0
158		BU02_03	PM2.5	1.005704522	1.131593022	4.328128958	1.482245422	29	0	16.24914706	0			0	0.378905446			0	0	1.505572442	75.76081753	6.105562672	0	0
159		BU02_03	PM2.5	1.117449469	1.192803778	4.405026622	1.381844955	65	41.00149572	0	17.40386784			0.010721201	0.137596589			14.31382298	21.64503783	0	0	2.81308312	1.722673886	0.951694977
160		BU02_03	PM2.5	2.123153991	1.644166543	5.224513816	1.023058353	84	37.17066944	0	0			0	0			13.86080086	0	0	0	37.61609793	10.33350453	1.018920634
162		BU02_03	PM2.5	1.005704522	1.131593022	3.694289147	1.079894928	43	17.5617218	0.411175191	36.51192784			0.024462776	0.507798418			0	0	0	0	0	44.98291314	0
163		BU02_03	PM2.5	2.570133779	1.808976496	6.940385866	1.49142576	105	59.05499458	10.62031016	4.341744259			0	0			6.921734661	0.132718461	0.080801413	18.84769201	0	0	0
