Id	Area	Field	Class	Area (?m²)	ECD (?m)	Perimeter (?m)	Shape	Count	O Wt%	F Wt%	Al Wt%	Si Wt%	Cl Wt%	Ca Wt%	Br Wt%	La Wt%	Ce Wt%	Pr Wt%	Nd Wt%	Sm Wt%	Gd Wt%	Dy Wt%
1		BU02_02	PM2.5	2.681878726	1.847883667	6.569091101	1.280446892	108	66.45824313	0	0.505308062		0	10.29375419		1.436460949	0.447706087	3.789392486	9.940803796	0	7.128331065	0
4		BU02_02	PM2.5	2.90536862	1.923338301	12.61309211	4.357446154	157	42.0943737	30.48033118	4.081547633		5.096361414	1.116434019		5.245787278	0	0	0.980999786	0	0.819840375	10.08431911
3		BU02_02	PM2.5	0.670469681	0.923941834	2.79790429	0.929130466	42	93.11179519	0	0		0.09463848	4.571364447		0	0.189842423	0.645774696	0.242941757	0.296225958	0.37179566	0.475623365
5		BU02_02	PM10	7.710401336	3.1332392	11.34541249	1.328476059	284	47.72191644	9.085243195	5.612548813	16.84257239	0.807466265	0.789472088		3.367814794	0	1.777093485	6.299161911	3.432221711	0	4.264482483
8		BU02_02	PM2.5	0.782214628	0.997971241	3.956834194	1.592795084	51	67.56106019	0	2.379507013		2.764594741	1.214674022		2.462709695	4.453292862	0	15.10952115	4.054639488	0	0
9		BU02_02	PM2.5	0.446979788	0.754395348	2.426609525	1.048339735	27	14.28380758	32.19767213	0.651641237		0	14.17135894		20.60763091	6.862931699	9.864887595	1.36007024	0	0	0
10		BU02_02	PM2.5	0.558724735	0.84343964	2.612256908	0.971905435	17	0	71.62530422	0		0	0.714210328		2.497976087	2.677853405	3.00133694	3.413100913	4.163727164	5.226448551	6.680042297
13		BU02_02	PM2.5	0.782214628	0.997971241	3.246096719	1.071981064	33	81.31175041	6.036579981	0.437273551		0.038853326	9.209708869		0	0	0.801550783	0.357689545	0.43545654	0.673655048	0.697482564
16		BU02_02	PM10	11.62147448	3.846676601	16.01298416	1.755793557	310	55.09384274	0	10.89698002		1.437064633	6.741420925		6.419819593	2.067641914	0	2.491112053	0	0	14.85211104
17		BU02_02	PM2.5	0.223489894	0.533438066	1.530224668	0.83376305	13	72.20560312	0	0		0.023058563	26.80691779		0.644708192	0	0	0.319710909	0	0	0
19		BU02_02	PM10	8.380871018	3.26662768	11.15976511	1.182527056	258	52.63981223	7.79601261	10.80111638		1.513267774	2.784261107		9.379801899	8.915870637	6.169855595	0	0	0	0
18		BU02_02	PM2.5	3.24060346	2.03127164	7.836770723	1.508129123	162	35.45968533	0	12.29524389	27.81225741	0	2.939211577		2.462873049	5.044689402	0	0	0	0.214080373	13.77196461
20		BU02_02	PM2.5	0.335234841	0.653325536	2.164064479	1.111684066	28	87.32454777	0	0		0.171888864	0.305620185		1.09304497	1.174419373	1.320420951	1.50398491	1.838999055	2.31022127	2.956853248
22		BU02_02	PM2.5	0.670469681	0.923941834	3.060449336	1.111684066	20	52.30283737	7.439040393	0		0.741523039	0.035085977		0	14.48872387	17.42791384	0	3.663196042	3.176183254	0.725491066
25		BU02_02	PM10	9.945300275	3.55847574	14.51461154	1.685710804	371	79.02208567	0	0		0	0		3.239295632	0	0	0	0	0	17.73862094
23		BU02_02	PM2.5	1.229194416	1.251023157	4.405026622	1.256222687	55	30.39420247	0	0		0.251561077	1.422345731		10.07747054	17.18509048	27.36115456	0	5.466323346	3.857464343	3.984397277
27		BU02_02	PM2.5	0.223489894	0.533438066	1.530224668	0.83376305	9	91.99051857	0	0		0.106818671	0.192141812		0.690441253	0.741943344	0.834884029	0.950806495	1.162532438	1.460402552	1.869498752
30		BU02_02	PM2.5	0.558724735	0.84343964	2.612256908	0.971905435	40	10.48828885	0.479893247	0		0.013094099	2.216368727		0	0	5.009676144	5.91895394	0	51.80894136	24.06478822
28		BU02_02	PM2.5	4.805032717	2.473450559	12.16489968	2.450816811	185	31.36356473	35.90461612	8.80227685		4.626684263	0		0	0	3.979028761	11.44585609	0	3.877977654	0
31		BU02_02	PM10	7.151676602	3.017581393	18.59338901	3.846797984	315	79.28463817	0	0		0	0		0	1.69944521	7.458537817	0	1.48758702	0	10.06980464
35		BU02_02	PM2.5	1.78791915	1.508790696	5.487058862	1.340051527	54	49.98834729	0	0		0.646096328	0.690199994		31.256935	14.66701925	0	2.751400694	0	0	0
36		BU02_02	PM2.5	0.558724735	0.84343964	2.612256908	0.971905435	45	0	0	6.65301308		0.212110905	57.81760812		6.277296692	2.68712882	0.864084065	21.6423288	0	0	3.846424818
38		BU02_02	PM10	51.17918568	8.072382739	28.76667804	1.286696708	1456	53.28465104	2.975177392	19.28374767	20.84859312	0	0		0	0	0	0	2.215781994	1.392045058	0
40		BU02_02	PM10	6.034227133	2.771825501	9.552642774	1.20341538	178	79.95212078	0	0		0	1.203902718		0	0	2.113377303	0	0	5.433045328	11.29755676
46		BU02_02	PM10	10.05704522	3.578411335	13.17003426	1.372440554	313	42.30116606	0	3.61190401	20.22930831	1.723476686	0.70924894	18.42385828	0	0	1.380520314	0.82717184	3.032292053	2.524603531	5.236456916
45		BU02_02	PM10	16.2030173	4.542061467	27.28149898	3.65536457	409	73.46093059	0	0		3.612878546	1.751378551		0	0	3.651914373	7.288705558	7.194574922	0	3.039615974
47		BU02_02	PM2.5	1.45268431	1.360005555	4.142481576	0.940026423	62	24.63907748	5.702338368	3.805343434		0	0.460292678		0	0	5.251628906	6.238878518	1.676743291	29.02843058	23.19727093
51		BU02_02	PM2.5	0.223489894	0.533438066	1.530224668	0.83376305	11	3.430208936	0	25.30606687		0.023908455	0.0363192		20.99812776	36.23519242	0	0	6.902222335	4.831352457	2.236592025
49		BU02_02	PM10	9.38657554	3.457073787	13.88077173	1.633466308	300	44.72977519	9.896259755	0.15007311	40.82586765	0	1.181845553		0	0	2.029225044	0.095888076	1.091074571	0	0
52		BU02_02	PM10	34.64093354	6.641250368	24.14415198	1.339135309	1054	40.8043921	4.507622868	3.345413134		0	1.593836583		5.302307382	16.59930944	10.23458466	5.224333331	1.305717509	0.843580067	10.23889855
53		BU02_02	PM2.5	0.335234841	0.653325536	1.978417097	0.929130466	17	93.18553209	0	0		0.019308354	5.352800712		0.129796995	0.13926347	0.156800041	0.178181287	0.21723744	0.272525055	0.348558044
57		BU02_02	PM2.5	0.670469681	0.923941834	2.79790429	0.929130466	57	35.53824425	26.51567757	16.42306		0.010214665	12.58921176		0	1.835552976	3.612371907	0	2.592453174	0	0.883213989
59		BU02_02	PM2.5	0.893959575	1.066876133	3.508641765	1.095847984	45	59.81461406	0	36.74653769		0.26191317	0		3.176927567	0	0	0	0	0	0
60		BU02_02	PM10	6.592951867	2.89731031	11.34541249	1.553641493	301	26.3816148	6.71441406	0	45.11281252	1.181142032	0.653363159		0	0	0	0	0	5.470754579	14.48589861
62		BU02_02	PM10	16.31476225	4.557696837	16.49302864	1.326814512	589	61.28268838	1.137025934	6.862166524	21.40169591	0.449940516	2.455420606		0	2.59203203	0	0	0	3.819037601	0
63		BU02_02	PM2.5	2.681878726	1.847883667	9.629540438	2.751453156	103	34.3393147	21.05681896	2.859732322		4.261481762	13.52484524		0	0	17.4924165	6.405724585	0	0.059673493	0
61		BU02_02	PM2.5	0.223489894	0.533438066	1.530224668	0.83376305	33	97.3039031	0	0.337740523		0.027619707	0.293180416		0.18254224	0.196100748	0.22094748	0.251389528	0.307076331	0.385699864	0.493795611
64		BU02_02	PM10	9.163085646	3.415670212	15.30224668	2.033568414	296	53.2202065	0.729936082	3.606496379		0	0		7.485549152	2.564225532	0	4.319821671	0	0	28.07376683
65		BU02_02	PM2.5	1.005704522	1.131593022	3.694289147	1.079894928	62	56.5746367	14.82088715	1.693977416		0	11.05115339		0.205563335	0	0	0	0	6.027380377	9.62639451
66		BU02_02	PM2.5	0.446979788	0.754395348	2.874801954	1.471357183	35	56.62366152	15.96632004	21.38154805		2.870197967	0		0	0.26440972	0.969874486	0.337758684	0.411260966	0.515743764	0.659224205
67		BU02_02	PM2.5	1.340939363	1.306651072	4.328128958	1.111684066	42	44.52528358	1.020303555	23.21083248		0	15.27511925		0	0	12.34754026	0	3.62092033	0	0
70		BU02_02	PM2.5	2.346643885	1.728536893	6.120898673	1.270496076	91	45.73275149	0	0		2.705031633	0		22.40542173	10.81500649	7.668823004	10.67296267	0	0	0
69		BU02_02	PM2.5	0.335234841	0.653325536	2.240962143	1.192092698	22	61.25812531	0	13.29281032		0.023498137	23.58892858		0.249976944	0.170836202	0.191558443	0.21680654	0.262573757	0.32765884	0.417214865
71		BU02_02	PM2.5	0.335234841	0.653325536	2.240962143	1.192092698	31	84.83828902	0	0		0.282320729	0		6.468685716	0	0	8.410705626	0	0	0
76		BU02_02	PM2.5	2.011409044	1.600314199	6.044001009	1.445236075	97	26.35786831	27.50937641	6.413719803		4.868357256	0.238608895		0	0	10.95651016	5.911638588	0	5.598248541	12.1456705
80		BU02_02	PM2.5	3.128858513	1.995942481	6.940385866	1.225099731	140	63.20483088	6.096572429	15.37295133		1.767615043	0		0	0	0	8.163429797	5.394601449	0	0
82		BU02_02	PM2.5	0.558724735	0.84343964	2.612256908	0.971905435	34	34.87363756	0	0.890105404		0.910812058	0.006083594		5.020154268	24.27538037	25.87224543	0.789729226	2.955512144	1.332364697	3.073979728
84		BU02_02	PM2.5	1.340939363	1.306651072	7.574225677	3.404532453	69	70.18584013	0	0		0	0		0	14.91648853	12.31325716	0	0	0.85808225	1.726333238
85		BU02_02	PM2.5	2.123153991	1.644166543	5.410161198	1.097056644	69	41.52500331	0	0		4.740818962	8.442316204		0	0	28.3380717	7.353296131	0	0	9.600494802
87		BU02_02	PM10	8.269126071	3.244777082	13.32382959	1.708396454	335	74.90699887	7.727845013	0.6289226		3.160619736	0		0	0	0	0	4.490094259	7.494471222	1.591045223
91		BU02_02	PM2.5	0.558724735	0.84343964	3.060449336	1.33402088	38	64.77526426	0	0		0.01354514	0.022743002		0	0	0	12.89389431	7.589336485	7.836809754	6.86840713
92		BU02_02	PM2.5	1.676174204	1.46088031	4.96196877	1.168904516	56	83.29706192	0	0		0.019921636	0.035016748		0	0	9.160162508	0	1.434203237	4.201994836	1.851641946
93		BU02_02	PM10	39.5577112	7.096931887	27.76154347	1.550408699	1166	84.27193761	6.140709296	0		2.799393609	2.742834203		0	0	0	0	1.692293771	0	2.352818847
96		BU02_02	PM2.5	0.223489894	0.533438066	1.530224668	0.83376305	20	0	23.07680696	0		0.03629236	37.68982887		0	0	16.0317868	0	7.443021238	12.14812174	3.574145585
97		BU02_02	PM2.5	0.558724735	0.84343964	3.585539429	1.831054384	38	40.51877856	57.04067349	0		0.032558912	0.058608025		0.210872339	0.226415996	0.254986202	0.289995666	0.35399294	0.444404827	0.568706542
98		BU02_02	PM2.5	0.558724735	0.84343964	2.612256908	0.971905435	16	27.90859342	4.851097986	0		0.252002594	0		1.440076157	0.379617605	7.563117892	15.41098952	0.733822677	28.95199656	12.50868589
99		BU02_02	PM2.5	0.223489894	0.533438066	1.530224668	0.83376305	13	14.59171921	16.26915336	5.707434565		0.027942768	0		0	0	10.00074148	25.47923625	19.9737668	6.091258302	1.858737692
100		BU02_02	PM2.5	1.340939363	1.306651072	4.142481576	1.018361958	53	56.07487559	0	20.0009644		0.036143913	5.683339387		3.485766053	0	0	13.54991049	0	1.169006061	0
101		BU02_02	PM2.5	0.670469681	0.923941834	2.874801954	0.980904789	42	17.30789542	0	19.92263198		0	31.77775741		0	0	0	11.9859606	11.30866781	7.697080076	0
105		BU02_02	PM2.5	0.335234841	0.653325536	1.978417097	0.929130466	35	25.43063164	0	2.161904238		0.096221856	0.145975524		0.546330214	2.153496817	2.047361247	0.63177445	0	0	66.78630114
104		BU02_02	PM10	30.05939072	6.186501835	25.14928656	1.674408042	813	53.5564959	15.35173059	5.191324651	17.08028466	1.19570177	2.882850729		0	3.829660267	0	0.911954418	0	0	0
106		BU02_02	PM2.5	0.446979788	0.754395348	2.164064479	0.83376305	21	84.22552943	0	0		0	14.67366368		0.144389539	0.102112186	0.114784087	0.130202726	0.158281031	0.198118342	0.25292132
109		BU02_02	PM2.5	1.005704522	1.131593022	4.96196877	1.948174193	63	23.91425669	0	0		0	0		4.423435032	0	33.205688	22.87921607	0.399877736	8.845715225	6.33180812
107		BU02_02	PM2.5	0.335234841	0.653325536	1.978417097	0.929130466	18	19.50776428	6.543202698	0		2.501265146	16.63751304		1.319753658	0.326970918	6.192128733	12.65228689	0.592163252	23.57968092	10.14727727
108		BU02_02	PM2.5	0.670469681	0.923941834	2.79790429	0.929130466	25	19.84502822	7.995544374	0		0.010455731	0.021333787		48.18775058	19.16473955	0	4.775140062	0	0	0
110		BU02_02	PM2.5	0.223489894	0.533438066	1.530224668	0.83376305	12	19.12382841	0	15.05538523		0.019445807	0.030454513		55.51342368	0	0	10.25746614	0	0	0
112		BU02_02	PM2.5	1.005704522	1.131593022	3.87993653	1.191156913	32	59.55911279	0	0		0	37.9236877		0.378641742	0.231731939	0.259358855	0.293050217	0.353911542	0.44060545	0.559904892
111		BU02_02	PM2.5	1.78791915	1.508790696	4.96196877	1.095847984	70	12.49916106	0	4.064517096		0	0.096680794		28.61269116	54.72695231	0	0	0	0	0
113		BU02_02	PM2.5	0.446979788	0.754395348	2.426609525	1.048339735	43	31.64796233	26.75029635	5.404755101		8.771532029	0.849118829		0	0	14.66782689	0	0	11.90851182	0
114		BU02_02	PM2.5	0.223489894	0.533438066	1.530224668	0.83376305	14	82.97228813	0	1.517562196		0	0		4.52404432	2.814878896	1.085445378	1.234755851	1.512566488	1.903269067	2.435198613
118		BU02_02	PM2.5	0.335234841	0.653325536	1.978417097	0.929130466	21	16.34823233	36.60308421	0.011378481		45.07836998	0.522058085		0.132124161	0.140935404	0.157891586	0.178550149	0.215913728	0.269118836	0.34235518
117		BU02_02	PM2.5	2.346643885	1.728536893	6.569091101	1.463367877	73	48.31158817	20.78968138	14.05979097		0	16.83893353		0	0	0	0	0	0	0
116		BU02_02	PM10	10.16879017	3.59823648	11.71670725	1.074315912	345	63.3161664	0	11.77521423	21.39540911	0	3.324904293		0	0	0	0	0	0	0.188302388
119		BU02_02	PM2.5	2.570133779	1.808976496	7.465475959	1.72563686	137	36.63051426	14.25582618	0		0	25.00822544		0.622827699	0.022285026	0	0	0	15.72966427	7.730661333
