Id	Area	Field	Class	Area (?m²)	ECD (?m)	Perimeter (?m)	Shape	Count	O Wt%	F Wt%	Mg Wt%	Al Wt%	Si Wt%	S Wt%	Cl Wt%	Ca Wt%	Fe Wt%	La Wt%	Ce Wt%	Pr Wt%	Nd Wt%	Sm Wt%	Gd Wt%	Dy Wt%
4		BU02_01	PM2.5	0.558724735	0.84343964	3.060449336	1.33402088	32	52.63662934	21.4044258		0.540139573			0.013097932	24.25557971		0.23931975	0.09792659	0.109860068	0.124381762	0.150733301	0.188185833	0.239720359
1		BU02_01	PM2.5	0.223489894	0.533438066	1.530224668	0.83376305	18	65.37533998	15.51826447		0.037320523			2.562618814	14.76639807		0.162688515	0.168702612	0.189524435	0.214895396	0.261042383	0.326548191	0.416662032
3		BU02_01	PM2.5	1.005704522	1.131593022	3.694289147	1.079894928	46	42.43658781	0		5.760138854			1.188433543	1.662564836		0	0	0	0	0	0.583736645	48.36853743
2		BU02_01	PM2.5	0.223489894	0.533438066	1.530224668	0.83376305	22	88.3159399	0		0.604049116			4.341229051	0		0.605064444	0.649661664	0.730913272	0.831629056	1.015540771	1.2748654	1.63110923
5		BU02_01	PM2.5	0.446979788	0.754395348	2.164064479	0.83376305	49	0	0		8.470146358			0.400108285	0.011981078		6.770145893	30.15106916	11.14371717	4.468425363	0	32.3078692	6.276536733
6		BU02_01	PM2.5	0.335234841	0.653325536	1.978417097	0.929130466	24	49.86262023	0		7.194685191			0.014064848	3.499505296		0	0.084302493	2.321072482	0.554992212	4.476085305	0	31.99267387
7		BU02_01	PM2.5	0.335234841	0.653325536	2.164064479	1.111684066	31	59.56917405	10.28311551		7.82340765			0.010472945	12.61699647		1.316991821	0.956344418	0.665832078	3.758273274	0	0	2.999386936
8		BU02_01	PM2.5	0.223489894	0.533438066	1.530224668	0.83376305	12	0	23.15714955		56.53051138			1.056841481	12.48243004		0	0	2.710366622	0.700014038	1.018440351	1.061530132	1.282715704
9		BU02_01	PM2.5	0.446979788	0.754395348	2.164064479	0.83376305	6	0	0		0			0.321778166	74.61112142		0	0	7.001395524	3.092622012	3.677863255	5.592224747	5.702996626
10		BU02_01	PM2.5	2.011409044	1.600314199	4.96196877	0.974087097	76	73.61331582	10.67168042		10.86776555			0.037811711	0.021573855		0	0	0	0	0	4.78785485	0
11		BU02_01	PM10	6.592951867	2.89731031	9.290097728	1.041719505	286	57.16791153	5.509867892		18.76650751			2.781743743	0		0.730901677	2.817638218	0	0	0	0.954024494	11.27141565
12		BU02_01	PM2.5	0.893959575	1.066876133	3.246096719	0.937983431	46	55.04040718	0		4.283645004			0	0		0	0	0	36.42632067	0	4.249631241	0
14		BU02_01	PM2.5	0.893959575	1.066876133	3.246096719	0.937983431	45	56.16019368	40.5210197		1.980762929			0.008860489	0		0	0	0.357271871	0.082749996	0.149155536	0.190646783	0.549343787
13		BU02_01	PM10	9.274830593	3.436434356	11.26851482	1.089475607	322	44.47627366	0		15.69274068	20.61962038		0.464777183	0		1.510930527	4.605309665	0	0	0	2.229289338	10.40105522
15		BU02_01	PM2.5	0.446979788	0.754395348	2.164064479	0.83376305	13	17.0789212	13.39733899		0			4.728100449	0.00975025		0	0	0	0	0	5.91956377	58.866328
17		BU02_01	PM10	6.369461974	2.847779989	13.69512435	2.34325389	216	50.25005341	21.56919092		0			0	2.815556154		15.14636725	8.654492348	0	0.814926997	0.749404402	0	0
18		BU02_01	PM2.5	1.229194416	1.251023157	4.142481576	1.110940318	49	66.20085239	0		0			0.660526473	7.266519964		0	0	0	0	23.16441536	2.707683481	0
19		BU02_01	PM2.5	0.558724735	0.84343964	2.612256908	0.971905435	20	68.42229366	20.0664565		0.822624657			5.842401832	4.846215993		0	0	0	0	0	0	0
20		BU02_01	PM2.5	2.123153991	1.644166543	5.224513816	1.023058353	61	53.80654335	0		0.135753502			1.025735773	35.41072011		6.16562888	3.008172102	0	0.230671861	0.216770661	0	0
23		BU02_01	PM2.5	0.223489894	0.533438066	1.530224668	0.83376305	24	66.68349504	0		29.23007905			0.057381252	0.099840225		0.354616996	0.380176981	0.427543791	0.485655246	0.591653679	0.741666136	0.947893783
21		BU02_01	PM10	12.51543405	3.991884963	21.76258806	3.011378205	508	44.66279447	0		0.31797667			0.791594479	1.633670926		17.38277078	11.18239909	10.97630039	11.11177281	1.917153597	0	0.023558157
24		BU02_01	PM2.5	1.117449469	1.192803778	3.87993653	1.072041222	78	28.27089429	0		5.449063703			0	5.997126549		0	4.241595045	19.8422119	0	7.981797308	0	28.21732163
22		BU02_01	PM2.5	0.670469681	0.923941834	2.874801954	0.980904789	33	62.78239489	0		4.726678506			0.010814471	14.35065269		0	0	7.434733212	1.036113873	0	9.658607095	0
25		BU02_01	PM2.5	1.78791915	1.508790696	5.410161198	1.302754765	77	65.07869959	0		0			1.074214652	8.302447945		0.254280749	0.741649559	0.789719634	0.136828411	0	0	23.62215519
26		BU02_01	PM2.5	1.117449469	1.192803778	4.667571668	1.551473038	77	28.2448113	0		6.133824214			0	0.007492033		0	0	15.66105485	5.209289119	29.52519953	10.83218604	4.386135563
27		BU02_01	PM2.5	0.446979788	0.754395348	2.164064479	0.83376305	12	0	71.28187418		5.109518394			0	0.59299604		2.078320086	2.228003927	2.498419583	2.840861678	3.465036303	4.348006099	5.556957796
29		BU02_01	PM2.5	0.223489894	0.533438066	1.530224668	0.83376305	22	24.39142764	0		0			0.030978062	6.032856926		3.582882136	12.44807914	0	0	0	53.5137713	0
30		BU02_01	PM2.5	0.223489894	0.533438066	1.530224668	0.83376305	17	73.56489897	0		0			0.41600992	0.022072421		0	0	0	0	20.76975554	0	5.227262527
32		BU02_01	PM2.5	1.117449469	1.192803778	3.694289147	0.971905435	44	24.49010164	37.63557076		0			0.617087679	35.84154248		0	0.131049904	0.353655312	0.165696349	0.19999994	0.248960033	0.316339103
33		BU02_01	PM2.5	1.676174204	1.46088031	4.776321387	1.083073842	65	30.24471104	0		1.72308255			12.65888512	7.227531821		0.470859883	1.271831896	0	0	0	10.60693935	35.79616547
34		BU02_01	PM10	5.475502398	2.640383718	9.661392493	1.356580636	147	59.75524187	14.49190229		1.218029857			1.875447296	19.86211389		0.429117726	0.995434914	0.780066242	0.592641579	0	0	0
36		BU02_01	PM2.5	0.223489894	0.533438066	1.530224668	0.83376305	25	14.6549508	46.78640962		32.96519518			0.083180564	0		0.498797512	0.53430628	0.600319635	0.681516388	0.829445757	1.038959343	1.326916832
35		BU02_01	PM2.5	1.340939363	1.306651072	4.590674005	1.250644575	58	0	0		0.674864324			0.035529691	5.178374052		0	0	0	0	12.08295152	9.685382247	72.3428905
37		BU02_01	PM10	6.034227133	2.771825501	9.81518782	1.270473795	210	45.43193579	30.65516949		5.555792525			0	0		0	0	0	0	0	18.35710108	0
38		BU02_01	PM2.5	4.246307982	2.325202624	9.738290157	1.777231764	192	57.46201277	0		13.55189383			0	2.273489721		12.4285832	4.826825485	0	0.181297527	0	1.412400976	7.863491774
39		BU02_01	PM2.5	1.45268431	1.360005555	4.776321387	1.249700586	39	30.78821898	34.21223164		1.82120502			0.038093099	33.14025998		0	0	0	0	0	0	0
40		BU02_01	PM2.5	1.676174204	1.46088031	6.492193438	2.001031319	96	77.96943188	0		8.016070724			0	11.67882234		1.442722511	0.667893467	0	0.095934828	0	0	0.129128445
41		BU02_01	PM2.5	0.670469681	0.923941834	2.79790429	0.929130466	24	10.76107547	0		0			7.515411079	0		23.42783958	0	0	1.753288321	0	2.754082717	53.78830433
43		BU02_01	PM2.5	0.446979788	0.754395348	2.612256908	1.214881794	20	0	92.6884234		0			0	0.179724291		0.641136291	0.688144797	0.773909641	0.880336761	1.074605715	1.348651852	1.725079119
42		BU02_01	PM10	6.816441761	2.946008012	11.34541249	1.502702428	278	45.04726529	5.431815609		0	31.90719485		0	0		0	1.146714203	0	0	0	3.159007058	13.30800354
47		BU02_01	PM2.5	3.017113566	1.959976608	6.120898673	0.988163615	99	28.14975679	19.04908717		14.98712152			0	0.290241721		0.012664903	8.66445452	1.770248264	0	0	0	27.07641721
50		BU02_01	PM2.5	0.446979788	0.754395348	2.164064479	0.83376305	23	0	60.79615951		16.85709059			0.022312283	20.67505568		0.197316241	0.156519969	0.175451185	0.198517134	0.240295683	0.299737556	0.381538668
46		BU02_01	PM2.5	1.340939363	1.306651072	5.487058862	1.786735369	62	44.88091767	9.318141639		0			0	10.86336151		19.98170167	12.23893464	0	0	0	2.309438214	0.40750131
49		BU02_01	PM2.5	0.446979788	0.754395348	2.164064479	0.83376305	12	74.19276834	0		0			0.020815102	24.09469485		0.233746786	0.156619353	0.175736519	0.199020724	0.24128207	0.301339873	0.383971236
48		BU02_01	PM10	6.034227133	2.771825501	9.104450346	1.093140402	180	29.29660678	13.81525397		15.31298906			0	11.04452759		0	0	0	0.718748197	0	19.42048073	10.39139107
52		BU02_01	PM2.5	0.335234841	0.653325536	1.978417097	0.929130466	28	14.92902935	17.13618189		10.56109741			0.015099881	0		18.05796921	39.30062056	0	0	0	0	0
51		BU02_01	PM2.5	0.782214628	0.997971241	4.328128958	1.905744114	39	67.63905883	9.979812801		12.40072921			1.769550517	0.022072371		1.102565695	0.876411609	0.094716088	2.561287396	0	0	3.55379656
53		BU02_01	PM10	16.09127235	4.526372089	17.01811873	1.432263251	463	39.04119134	17.05296785		5.41998148	14.96066153		0.963062327	6.415835768		3.465875238	6.362938136	2.564790286	0	0	0	3.752698377
54		BU02_01	PM2.5	0.446979788	0.754395348	2.164064479	0.83376305	11	0	10.26751623		0.12031009			0	26.69720352		24.16159511	20.00988424	0	0	7.099677622	11.12642586	0.517387129
56		BU02_01	PM2.5	0.670469681	0.923941834	2.79790429	0.929130466	43	69.6651876	0		13.66363019			1.573277637	14.02238756		0.13358366	0.100863446	0.113285135	0.128400407	0.15588	0.194904697	0.248598959
58		BU02_01	PM2.5	1.45268431	1.360005555	4.328128958	1.026169907	75	39.69559371	53.62046361		5.726764724			0.008937898	0		0.26057791	0.166346261	0.06962202	0.07912197	0.096505723	0.121117209	0.154950516
59		BU02_01	PM2.5	3.352348407	2.065996747	11.08286744	2.915716305	146	46.0421294	1.832532883		7.342100888			0	6.023898721		0	0	18.20968688	4.276400432	8.453432471	4.774063826	3.045745753
55		BU02_01	PM2.5	1.340939363	1.306651072	4.776321387	1.353842302	50	83.11893344	0		0			0.232314528	0.408972846		1.456643175	1.564705372	1.758012921	2.002296038	2.447928116	3.075111844	3.935086355
62		BU02_01	PM2.5	1.005704522	1.131593022	3.694289147	1.079894928	37	40.36931396	28.00889015		14.40244317			0	0		0	0	7.420562208	0	2.574131265	5.466722324	1.757936552
63		BU02_01	PM2.5	3.911073142	2.231531534	8.361860816	1.422656547	156	66.67059064	0		6.310202181			2.535683103	22.43324816		0.133059535	0.06534307	0.320098433	1.531768031	0	0	0
64		BU02_01	PM10	7.375166496	3.06436839	23.18406301	5.799591491	374	54.91777658	0		0.523144938			0	6.355331838		0	0	6.490176916	13.38459253	0	0	18.32897514
65		BU02_01	PM2.5	1.564429257	1.411344463	4.776321387	1.160436259	85	69.53600049	3.488134593		0.899884757			4.208565131	4.899112508		0	0	0	16.96830243	0	0	0
67		BU02_01	PM2.5	1.676174204	1.46088031	5.487058862	1.429388295	54	24.07173812	50.73373318		0			6.300008297	0		9.532666951	6.649470329	1.056372281	0.553783122	0.421862351	0	0.680363877
69		BU02_01	PM2.5	0.446979788	0.754395348	2.164064479	0.83376305	33	46.66391015	0		7.013130188			1.966334134	2.137352526		0	0	0	42.21926928	0	0	0
72		BU02_01	PM2.5	0.223489894	0.533438066	1.530224668	0.83376305	34	68.70827675	0		15.39003104			0	13.55302781		0	0	0.24449653	0	0.403743191	1.458540186	0.241870037
70		BU02_01	PM2.5	3.911073142	2.231531534	7.836770723	1.249592702	116	48.91474843	0		2.714397386			0	1.708652638		6.975273043	21.35601491	15.37225842	0	0	2.958668955	0
68		BU02_01	PM10	13.96811836	4.217198201	16.30738126	1.51502807	390	59.45001841	13.56812716		23.39488864			0.518216658	0.429933611		1.688230783	0	0.950570684	0	0	0	0
71		BU02_01	PM10	11.62147448	3.846676601	19.18218321	2.519561552	462	88.09411526	0		3.308452293			0	0		0	0	5.702476203	0	0	2.894961648	0
66		BU02_01	PM10	39.44596626	7.086900883	29.3686658	1.740026937	1431	41.41955078	2.324473858	9.955755621	10.85690781	12.3868905		0.419123517	0	9.382099658	0	0	0	1.199522521	0	0	12.05568984
74		BU02_01	PM2.5	0.558724735	0.84343964	3.399892046	1.646351232	45	0	73.69332314		0.802099891			0	22.46692032		0	0.612248853	0.145774509	0.362903927	0	0	1.916734502
73		BU02_01	PM10	30.5063705	6.232328401	24.40669703	1.553880496	863	66.80471897	0		0		12.30135038	0	17.00411588		0	0.716392929	0	0	0	3.173424304	0
76		BU02_01	PM10	9.721810381	3.518265684	12.16489968	1.211323251	323	44.51083839	26.35118961		0			0	0		0	0	0	0	0	29.13796306	0
78		BU02_01	PM2.5	0.670469681	0.923941834	2.79790429	0.929130466	40	66.70399308	15.37168622		0.256799115			0.010607925	16.12650454		1.197475754	0	0	0.211958867	0.120976975	0	0
77		BU02_01	PM10	18.99664097	4.918055968	37.43612951	5.870771851	667	79.40911651	0		0			2.19423268	5.055432394		0	5.841602013	0	4.109066352	1.70171652	0	1.688839495
81		BU02_01	PM2.5	0.223489894	0.533438066	1.530224668	0.83376305	20	44.25920546	4.833523557		0			6.047551706	0.030265923		1.233847439	3.168622404	0	0	0	18.32784861	22.09913582
80		BU02_01	PM2.5	0.670469681	0.923941834	2.79790429	0.929130466	49	63.60033751	1.031396631		0			0.263717282	14.93413001		0	0	11.47373915	8.696686476	0	0	0
82		BU02_01	PM2.5	1.676174204	1.46088031	6.383443719	1.934554864	70	38.58891129	25.83057284		6.893005222			0	13.42881769		2.380310558	6.139500812	1.336812507	0	0	0	5.402069166
84		BU02_01	PM2.5	4.134563035	2.294403878	8.810053244	1.493886438	146	72.90890813	0		1.136033516			3.833777085	0		1.354346052	1.487925928	0	0	0	19.27900761	0
85		BU02_01	PM2.5	0.223489894	0.533438066	1.530224668	0.83376305	11	0	28.20188999		0.026257196			0.035785945	0.053931447		0.825540163	2.45427452	1.373521984	0.232572318	0	0	66.79623127
86		BU02_01	PM2.5	0.670469681	0.923941834	2.79790429	0.929130466	23	67.4611032	0		8.05195868			0.01854673	22.97545522		0.22269811	0.13656934	0.153204962	0.173461589	0.210211449	0.262450473	0.334330206
88		BU02_01	PM2.5	1.229194416	1.251023157	3.87993653	0.974582929	49	33.94527733	0		0			2.722117305	0		0	0	6.080416217	11.57682762	18.5521245	19.94552463	7.177715003
89		BU02_01	PM2.5	0.446979788	0.754395348	2.164064479	0.83376305	38	24.67345148	6.905669719		0.804657489			0.113680598	2.358936332		1.712375879	2.895271592	0	0	36.99924052	12.254069	11.28265336
87		BU02_01	PM2.5	1.564429257	1.411344463	4.328128958	0.952872057	73	34.66894925	0		13.93515468			0	0		5.782946572	6.368009746	29.26198542	5.319461599	0	0	4.663496837
90		BU02_01	PM2.5	0.335234841	0.653325536	2.164064479	1.111684066	27	55.7679832	25.83574355		13.16658854			0.034266937	0.351995672		0	0	0	0	0	4.843417183	0
91		BU02_01	PM2.5	1.676174204	1.46088031	5.487058862	1.429388295	69	53.68105769	21.90636247		0.427484885			0.069742952	4.452022538		0	0	0	0	0	0	19.46332753
92		BU02_01	PM2.5	0.446979788	0.754395348	2.164064479	0.83376305	18	90.80428481	0		0.949304178			0.03905854	6.860025227		0.263417396	0.282590603	0	0.361251086	0.440068264	0	0
93		BU02_01	PM2.5	2.123153991	1.644166543	6.306546055	1.490705263	81	53.13526988	0		0			0	0		0	0	7.52286762	34.11387205	5.227989703	0	0
94		BU02_01	PM2.5	0.223489894	0.533438066	1.530224668	0.83376305	26	38.47485781	44.72675622		0.027093058			0.812366884	14.91452456		0.17772445	0.092712883	0.104160095	0.118087023	0.143426878	0.179396302	0.228881184
95		BU02_01	PM2.5	0.335234841	0.653325536	1.978417097	0.929130466	8	93.58734488	0		0			0.085028226	0.153581251		0.552798342	0.594032044	0.668658176	0.761399558	0.930847134	1.169339474	1.496978756
96		BU02_01	PM2.5	0.335234841	0.653325536	1.978417097	0.929130466	17	0	45.38228214		5.022504926			0.021215134	48.31032753		0	0	0.504270475	0.20561358	0.247151288	0.306633534	0
97		BU02_01	PM2.5	0.446979788	0.754395348	2.426609525	1.048339735	17	0	30.7533145		0.630649133			0	0.129775377		0	0	26.68832839	0	12.6010254	22.6784274	6.518479437
98		BU02_01	PM2.5	1.676174204	1.46088031	4.590674005	1.00051566	91	55.77229261	0		3.46012935			2.040375397	0.023273521		0	5.439623445	11.68791205	0	14.08580393	0	7.490585744
99		BU02_01	PM2.5	1.005704522	1.131593022	3.694289147	1.079894928	42	81.59798384	4.356559366		4.99914363			0	1.704668626		0.321627571	4.473691061	1.840261556	0	0	0.309664616	0.396401482
100		BU02_01	PM2.5	2.570133779	1.808976496	8.361860816	2.164912137	92	72.68765569	0		7.722663134			0.723393261	5.863402411		0	6.622823328	0	0	2.824816853	2.54058633	1.014668681
102		BU02_01	PM2.5	3.24060346	2.03127164	6.492193438	1.0350162	134	45.70512176	16.66505635		15.4677406			0	1.853861474		0	8.798147738	0	2.855662815	0	8.654405922	0
101		BU02_01	PM2.5	1.564429257	1.411344463	4.96196877	1.252397696	50	38.54439557	0		1.677531935			0.198424188	0.019992561		1.859557256	8.143974096	0	0	43.38909388	0	6.167028099
104		BU02_01	PM2.5	0.335234841	0.653325536	1.978417097	0.929130466	21	49.32754934	6.951963902		0.01363262			0.006214549	13.84834796		0.393922115	0.943588465	0.787297729	0.120781921	0	0	27.60669887
106		BU02_01	PM2.5	3.017113566	1.959976608	7.574225677	1.513125535	104	22.2226873	2.839829773		9.530168027			0	13.00556064		0	0	0	10.68661436	0.133738434	31.55666888	10.02473459
105		BU02_01	PM2.5	2.570133779	1.808976496	5.858353627	1.062638565	78	44.42751408	0		10.26152745			0.008989475	0		0.151547126	0.331152882	0	0	26.58236623	10.99782661	7.239079475
107		BU02_01	PM2.5	1.564429257	1.411344463	4.513776341	1.036368677	76	52.88183689	16.56413078		15.69990367			0	1.746406965		6.576114148	5.058530718	0	0.556504028	0	0.916572474	0
108		BU02_01	PM10	8.827850805	3.352606261	12.79873949	1.476622733	256	30.51970005	13.99378181		19.60331947			0.301420013	0		0.784521364	13.51090968	16.59209281	3.697159514	0.997103751	0	0
