Id	Area	Field	Class	Area (?m²)	ECD (?m)	Perimeter (?m)	Shape	Count	O Wt%	F Wt%	Al Wt%	Si Wt%	Cl Wt%	K Wt%	Ca Wt%	Fe Wt%	Br Wt%	La Wt%	Ce Wt%	Pr Wt%	Nd Wt%	Sm Wt%	Gd Wt%	Dy Wt%
1		BU03_01	PM2.5	0.223489894	0.533438066	1.530224668	0.83376305	8	0	11.19039357	0.126502092		0.015020242		0.021677041			0	0	0	0	0.110547943	7.551661134	80.98420501
2		BU03_01	PM2.5	0.335234841	0.653325536	1.978417097	0.929130466	38	24.15440381	0	0		0.01487712		0			7.915325463	37.79765666	0	0	0	28.5243392	1.593389548
3		BU03_01	PM2.5	0.446979788	0.754395348	2.164064479	0.83376305	24	14.83246237	0	0		55.73895574		0.420503551			0	0	13.59973848	1.923529617	5.457117781	5.803298578	2.22439114
7		BU03_01	PM10	5.475502398	2.640383718	10.89722006	1.725828374	159	30.05631864	0	23.61742854		1.937742531		11.45900041			13.95218223	2.259034291	0	16.71829075	0	0	0
11		BU03_01	PM2.5	1.229194416	1.251023157	4.142481576	1.110940318	59	51.95902586	45.38312554	1.829805039		0		0.052555569			0.49357079	0	0	0.281917094	0	0	0
9		BU03_01	PM10	7.375166496	3.06436839	14.29711211	2.205540068	248	48.12341034	10.21720469	9.870221466		0		0.003483035			6.75381124	6.079495698	3.56804952	0	0	0	15.38432539
10		BU03_01	PM2.5	1.340939363	1.306651072	4.590674005	1.250644575	44	0	31.17062151	7.850815356		0.04010562		0			8.382806927	13.70285749	0	0	0	8.210609108	30.64218462
12		BU03_01	PM10	8.604360912	3.309896157	11.08286744	1.135993366	343	40.41035175	3.239794448	1.107898541	29.74647582	3.835742548		3.591860458			5.497820303	1.96121335	2.114943229	3.756630793	4.737268016	0	0
14		BU03_01	PM10	9.833555328	3.53842783	14.32896416	1.661533734	345	44.09562945	0.51378957	17.23274738	18.15126091	0.121895177		0.347504206			0	5.137892812	5.606018007	5.090541765	0	3.702716529	0
13		BU03_01	PM10	49.94999127	7.97485449	33.43424971	1.780893229	1390	44.09287572	5.480579287	1.785274781	17.17183441	0.710690208	4.243557155	1.731046662	10.42872816	12.97540367	0	0	0	0.600651326	0.779360067	0	0
17		BU03_01	PM10	7.375166496	3.06436839	11.82545697	1.508878156	237	52.39414573	0	13.46321255		0.55677006		6.284080446			0.414704066	1.332197618	0	0	0	10.93372703	14.62115794
20		BU03_01	PM2.5	0.335234841	0.653325536	1.978417097	0.929130466	22	57.05753565	21.1285904	19.88024861		0.021969505		0.038734503			0	0	0	0	0	1.872923598	0
21		BU03_01	PM2.5	0.335234841	0.653325536	2.240962143	1.192092698	41	49.25663173	0	0		5.050003156		7.508793473			1.22940531	4.500589147	2.842540108	0	0	16.11641347	13.49562407
23		BU03_01	PM2.5	1.005704522	1.131593022	3.694289147	1.079894928	54	3.142208979	21.12011611	47.71302938		0		10.58524475			0	0	0	0	4.313164577	13.12623322	0
22		BU03_01	PM2.5	1.117449469	1.192803778	4.21937924	1.267825159	28	0	0	62.02458739		3.980867192		0.069622276			5.800246447	14.43022192	5.69675751	1.898545027	0	6.099159271	0
16		BU03_01	PM2.5	4.581542823	2.415243569	7.651123341	1.016784207	232	34.75566506	0	11.2688221	37.81064749	0		9.302126616			0	0	1.641254872	0.462481612	1.938680932	2.820322663	0
24		BU03_01	PM2.5	0.782214628	0.997971241	3.694289147	1.388436336	32	46.00801468	30.07960618	1.632994227		1.220819727		0.014851839			0	0	0	0	0	21.04370892	0
28		BU03_01	PM2.5	3.352348407	2.065996747	8.579360253	1.747232892	143	40.70335329	15.10477662	24.22759831		5.522531644		2.469580621			0	0	0.376741705	0	0	0	11.59541383
27		BU03_01	PM2.5	2.234898938	1.68687928	5.224513816	0.971905435	95	39.05310333	8.17868337	3.520011157		7.706429809		0.062585226			3.926653042	0	0	0	0	28.91879678	8.633740246
29		BU03_01	PM2.5	4.469797876	2.385607556	8.547508198	1.300712468	166	64.21496868	0	4.128820449		4.575542733		9.459488094			1.805088669	15.81609249	0	0	0	0	0
31		BU03_01	PM2.5	0.670469681	0.923941834	3.060449336	1.111684066	36	50.11816621	17.2151193	5.245568976		9.35664922		0			0.311214733	0.736921001	0.07105734	0	0	0	16.94529653
32		BU03_01	PM2.5	1.78791915	1.508790696	4.776321387	1.015381726	93	64.10964727	13.85201812	0		1.754917763		7.206046581			13.07737231	0	0	0	0	0	0
35		BU03_01	PM2.5	0.223489894	0.533438066	1.530224668	0.83376305	19	15.83341211	25.23764074	0		0.008889228		0.75723948			35.57518423	19.45988536	0	3.12776193	0	0	0
34		BU03_01	PM2.5	0.558724735	0.84343964	2.612256908	0.971905435	49	18.13048869	0	6.882120669		0.025060371		0			0	0	0	0	2.781604975	2.747642063	69.43308115
37		BU03_01	PM2.5	0.223489894	0.533438066	1.530224668	0.83376305	14	20.40358633	0	0		0		0			3.568857536	48.28328788	19.04708445	0	0	3.806760162	4.890426248
33		BU03_01	PM10	10.39228006	3.637562637	12.79873949	1.25433544	370	55.09206653	0	2.244782448	29.12001014	2.685383894		3.305658698			4.023869708	0	0	0	0	3.528225049	0
36		BU03_01	PM2.5	4.469797876	2.385607556	7.574225677	1.021359736	141	30.8750093	12.03062087	2.94329077	28.67006958	0.003579717		0			25.47742724	0	0	0	0	0	0
39		BU03_01	PM10	7.486911443	3.087496027	11.08286744	1.305544614	122	37.33158708	0	11.98442057		0		0.90042837			9.397918731	22.08020687	7.580071688	1.879719459	0	8.84565264	0
38		BU03_01	PM2.5	0.446979788	0.754395348	2.874801954	1.471357183	29	32.76893198	0	0		0		0.013816611			2.583299391	34.58447158	12.68913448	0.851906091	0	16.5084362	0
40		BU03_01	PM2.5	1.340939363	1.306651072	4.590674005	1.250644575	58	44.47278082	28.69897187	3.664381057		10.09899378		0			0.889314897	0	0	8.562545478	3.613012284	0	0
41		BU03_01	PM10	5.475502398	2.640383718	8.579360253	1.069734424	218	28.56618166	6.560836732	0.664578145		0		0	42.59293675		0	0	6.481609493	0	0	0	15.1338622
44		BU03_01	PM2.5	2.681878726	1.847883667	6.754738484	1.353842302	104	26.49837434	0	0		0.232698116		0			38.58405054	14.54083174	0	3.586566076	14.48710114	0	2.070376836
43		BU03_01	PM10	5.810737239	2.72001111	9.366995392	1.201598872	253	27.69734263	13.81321996	16.38336182		1.336317509		3.41466181			0	0	0	0	4.660204798	9.730724245	22.96416014
42		BU03_01	PM10	33.74697397	6.554996702	26.19946674	1.618602487	989	64.78358507	0	6.069484353	11.16232425	3.664678335		7.820947468			0.72273952	0	0	2.188660391	0	2.744212374	0.843365956
45		BU03_01	PM2.5	0.446979788	0.754395348	2.164064479	0.83376305	29	84.21143889	0	0.935805216		0.067618967		14.78513479			0	0	0	0	0	0	0
46		BU03_01	PM2.5	1.117449469	1.192803778	3.87993653	1.072041222	54	24.1025731	3.25076431	1.194305718		5.640641227		9.399265796			0	0	30.73509336	0	11.24059632	9.954838455	4.481928051
48		BU03_01	PM2.5	1.229194416	1.251023157	4.328128958	1.212746254	50	0	0	61.6861403		0		0			1.633799821	0	1.966509409	2.731965855	28.65087688	3.330708295	0
47		BU03_01	PM2.5	1.899664097	1.555225852	5.781455963	1.400192558	99	53.67059708	0	6.506541371	29.56086397	2.749099396		0			0.368032209	0	0.174325029	6.970535964	0	0	0
49		BU03_01	PM2.5	1.899664097	1.555225852	4.96196877	1.031386338	51	0	6.874670833	3.73008661		0		0			0.373637793	23.18892926	11.4379473	0	0	0	54.39472795
50		BU03_01	PM2.5	0.782214628	0.997971241	3.508641765	1.252397696	30	69.75776553	29.18027341	0		0.013950156		0.025387021			0.091709499	0.098488119	0.110982638	0.126213627	0.154078973	0.193482719	0.24767071
51		BU03_01	PM2.5	4.246307982	2.325202624	7.388578295	1.023058353	125	0	6.12497218	9.723321348		21.06032372		8.251570165			0	4.853127152	31.28944039	11.34658679	7.350662351	0	0
52		BU03_01	PM2.5	1.229194416	1.251023157	3.87993653	0.974582929	32	27.10338235	16.6990757	11.52046174		0		8.338098228			27.74329185	0	0	8.372377604	0	0	0.223317556
53		BU03_01	PM2.5	3.352348407	2.065996747	6.940385866	1.143426416	117	53.62171531	0	0		0.766492868		0			0.102401653	4.627173766	0.177246798	3.030586056	0	11.89278439	25.78160167
54		BU03_01	PM10	6.816441761	2.946008012	11.37726454	1.511151896	180	32.83038437	51.50125623	1.297237724		2.791617624		0			0	4.776600748	0	0	4.381415248	0	2.42147781
55		BU03_01	PM2.5	1.78791915	1.508790696	4.699423723	0.982950097	52	23.44642282	0.946397427	14.57066685		0		2.787628956			19.38592345	11.57168522	0	7.73286894	0	0	19.55840737
57		BU03_01	PM2.5	0.893959575	1.066876133	4.142481576	1.527542937	51	8.361139148	24.38129634	0		5.762495846		5.073041841			0.174736988	6.110068783	5.29194437	0	29.53004539	0	15.31523764
56		BU03_01	PM10	5.810737239	2.72001111	9.892085484	1.340092018	224	56.87065125	0	5.551754311		0		0			20.58221549	8.925656229	1.403538045	0	1.44188907	5.22428453	0
60		BU03_01	PM2.5	2.570133779	1.808976496	5.781455963	1.034924934	116	49.85336661	18.51167977	13.29710931		1.983507909		0			0	0	0	0	1.538457256	14.81588334	0
63		BU03_01	PM2.5	0.670469681	0.923941834	2.874801954	0.980904789	38	42.37889647	6.756559014	2.032084949		0.324674905		0.01055528			13.40750009	35.0897342	0	0	0	0	0
61		BU03_01	PM2.5	0.558724735	0.84343964	3.508641765	1.753356774	34	23.77796918	9.685865045	0		8.81870985		0			1.114896312	2.392054722	0	0	0	0	54.21050787
62		BU03_01	PM2.5	0.446979788	0.754395348	2.164064479	0.83376305	14	94.48946118	0	0		0.072813639		0.131852005			0.475063967	0.510482397	0.574732618	0.654374715	0.799930841	1.004855242	1.286435779
64		BU03_01	PM2.5	1.78791915	1.508790696	4.776321387	1.015381726	75	26.29314363	16.67620093	26.1117816		0.373145472		1.05896201			1.101598423	12.24902272	0	16.13613367	0	0	0
65		BU03_01	PM2.5	3.464093354	2.100147767	6.940385866	1.106541693	122	67.11242199	0	0.909689721		0		4.456513003			0	0	8.273509145	0	1.528650895	17.71921515	0
