Id	Area	Field	Class	Area (?m²)	ECD (?m)	Perimeter (?m)	Shape	Count	O Wt%	F Wt%	Na Wt%	Mg Wt%	Al Wt%	Si Wt%	Cl Wt%	K Wt%	Ca Wt%	Fe Wt%	La Wt%	Ce Wt%	Pr Wt%	Nd Wt%	Sm Wt%	Gd Wt%	Dy Wt%
2		CB01_02	PM2.5	0.670469681	0.923941834	3.060449336	1.111684066	28	36.75599098	0			11.79928705		2.555613965		0		11.16261929	15.19944668	14.40744549	0	2.084400319	3.331146762	2.704040147
1		CB01_02	PM2.5	1.899664097	1.555225852	7.126033249	2.127203358	83	76.250422	0			5.324521661		5.363963172		0.012979857		13.04810494	0	0	0	0	0	0
3		CB01_02	PM2.5	0.670469681	0.923941834	2.79790429	0.929130466	30	55.67699075	24.96401072			1.72897689		16.65676683		0.02426865		0.085911812	0.092025881	0.10348428	0.117426633	0.142831123	0.178868102	0.228444533
4		CB01_02	PM2.5	2.011409044	1.600314199	4.96196877	0.974087097	72	60.19018292	3.513356671			0		1.191893872		0.16507461		0	0	0	0	0	8.311420679	26.62806809
6		CB01_02	PM2.5	0.782214628	0.997971241	3.87993653	1.531487459	40	70.68488598	0			2.753339522		0.005887725		11.22518405		4.969260097	4.046428204	0	0	1.962528378	4.352486879	0
7		CB01_02	PM10	6.257717027	2.822688927	9.552642774	1.160436259	205	57.68066049	0			12.3315379		0.749437045		2.682623081		0	0.682515092	0.169930083	0	4.547021165	6.755652279	14.40063268
5		CB01_02	PM10	5.922482186	2.746040517	8.918802963	1.068807547	187	37.39842474	13.62705678			7.712192833		0		3.726841509		0	0	1.350378245	3.972312808	0	12.1834442	20.02934366
9		CB01_02	PM2.5	0.670469681	0.923941834	2.79790429	0.929130466	22	20.63877434	60.25369763			4.782748595		1.792552881		11.44277081		0.107557233	0.105003943	0.11797857	0.1337694	0.162495207	0.203276309	0.259383908
8		CB01_02	PM10	23.68992874	5.492081034	20.26421545	1.379386496	732	62.31008172	0			12.70806491	16.00815505	0.057250739		1.204247866		0	0	0	0	0.094199623	7.618008554	0
11		CB01_02	PM2.5	1.45268431	1.360005555	4.142481576	0.940026423	92	59.32574868	8.129253983			3.075523116		2.408728749		1.84618514		2.225143649	2.218495123	3.65328677	4.043360427	0	0	13.07428032
13		CB01_02	PM2.5	0.670469681	0.923941834	2.874801954	0.980904789	26	74.05396104	7.983326167			5.437610671		11.65274754		0.021586308		0.076832541	0.082354579	0.092662958	0.105203665	0.128079648	0.160510605	0.205122773
10		CB01_02	PM2.5	2.011409044	1.600314199	5.224513816	1.079894928	76	46.72789872	0			4.35792394		0		0.090036128		7.885890454	20.08498758	0	0	6.763190776	8.910691738	5.179380253
15		CB01_02	PM2.5	0.335234841	0.653325536	1.978417097	0.929130466	19	49.65622425	21.3675335			2.799760178		0		0		1.133291796	0.288315187	0	0	0	4.790227488	19.96465176
14		CB01_02	PM2.5	0.670469681	0.923941834	2.79790429	0.929130466	22	59.00855064	10.58644056			26.99773908		0.012104161		2.553165518		0.076134288	0.081578176	0.091762783	0.104153063	0.126743142	0.158779579	0.202851556
16		CB01_02	PM2.5	1.78791915	1.508790696	6.306546055	1.7702125	60	48.5776484	39.72999752			7.960267365		2.183761075		0		0	0	0	0	1.199111342	0	0.349218817
12		CB01_02	PM2.5	0.446979788	0.754395348	2.164064479	0.83376305	44	68.67743731	10.02285033			5.071239546		9.716273844		0.041268952		1.223136485	2.109377831	0	0	0	3.138409182	0
18		CB01_02	PM2.5	0.782214628	0.997971241	3.246096719	1.071981064	20	63.24498057	0			0.042382287		1.792198047		6.118349731		0	0	0	0	0	24.05492216	4.74716574
17		CB01_02	PM2.5	0.558724735	0.84343964	2.612256908	0.971905435	41	81.89026117	0			2.326079272		0.008072732		11.53341904		0	0	0	0	4.242168367	0	0
19		CB01_02	PM10	24.36039843	5.569256916	18.99653583	1.178839206	620	67.32757688	0			10.72499231	17.90996939	0		4.037457332		0	0	0	0	0	0	0
21		CB01_02	PM10	16.76174204	4.619709168	19.89292069	1.878746072	443	41.13635123	13.60993981			1.830313914	22.30068147	0		2.160622925		0	0	2.706228569	9.41265896	6.118568033	0.724633131	0
22		CB01_02	PM2.5	2.123153991	1.644166543	5.224513816	1.023058353	130	84.25546885	0			0.622646604		2.504320443		7.099364698		0	0	0	2.580584213	0	2.876959555	0.060659251
24		CB01_02	PM2.5	2.011409044	1.600314199	4.96196877	0.974087097	69	44.32536662	0			9.73797515	21.68449759	0		6.509044766		4.246713221	10.86908653	0	1.432345435	0.76231868	0	0.432653073
23		CB01_02	PM2.5	1.229194416	1.251023157	3.87993653	0.974582929	50	73.81945848	8.502281457			9.825527668		6.531716883		0.014964295		0.053388765	0.057239766	0.06441304	0.073144445	0.089179206	0	0.968690403
27		CB01_02	PM2.5	0.446979788	0.754395348	2.164064479	0.83376305	8	96.80173397	0			0		0.186869281		0.07285676		0.263163145	0.282748649	0.318509527	0.362492912	0.442930683	0.556377321	0.712322677
28		CB01_02	PM2.5	2.234898938	1.68687928	5.224513816	0.971905435	84	54.93494868	24.57339317			4.651107639		0.033280379		0		0	7.316377759	8.4908925	0	0	0	0
26		CB01_02	PM2.5	4.022818089	2.263186044	7.388578295	1.079894928	145	50.76504946	10.07938385			12.02369258		0.225486583		1.549782511		2.928700112	0	0	5.456966162	0	16.97094291	0
25		CB01_02	PM2.5	3.687583248	2.166835669	7.836770723	1.325325593	116	51.17914081	1.709674671			12.88841069		0		0		0.787270721	0	0	19.92046237	5.704818666	7.810223848	0
30		CB01_02	PM2.5	1.45268431	1.360005555	6.044001009	2.001096105	37	22.17033356	0.096792815			3.713013977		0		0.023102899		0	0	0	0	51.25060678	18.62458736	4.121576622
33		CB01_02	PM2.5	1.229194416	1.251023157	4.142481576	1.110940318	45	10.04470587	21.42840922			2.415138111		0.011168625		0.017062179		0	0.059333612	1.319719944	0.343041145	4.876561835	0	59.48485732
34		CB01_02	PM2.5	0.223489894	0.533438066	1.530224668	0.83376305	19	12.37535477	0			0		0.006803377		7.453748584		0	11.25361472	19.25788671	0	1.53861139	37.61754036	10.49643978
36		CB01_02	PM2.5	1.005704522	1.131593022	3.508641765	0.974087097	52	54.28640246	7.755421847			0		0		0		1.9824218	4.256816581	0	0	0	31.71894252	0
39		CB01_02	PM2.5	0.223489894	0.533438066	1.530224668	0.83376305	21	99.40697551	0			0		0		0.061639451		0.223570783	0	0	0.307815569	0	0	0
41		CB01_02	PM2.5	4.805032717	2.473450559	7.836770723	1.017110339	167	33.10842514	0			0		0.069739972		2.676008083	46.20147347	0	0.341099896	5.320451781	11.01015136	1.272657886	0	0
44		CB01_02	PM2.5	1.340939363	1.306651072	3.956834194	0.929130466	49	36.35682762	15.83248824			1.132588647		1.096757036		3.156831488		0	0	5.214868113	13.29859048	13.06442469	10.84662676	0
51		CB01_02	PM2.5	0.335234841	0.653325536	2.164064479	1.111684066	15	26.34096146	68.46282482			1.366603468		0.062134815		0.092066563		0.330151943	0.354418787	0.398944458	0.453718798	0.553787034	0.695084222	0.889299903
54		CB01_02	PM2.5	0.782214628	0.997971241	3.694289147	1.388436336	31	53.32392454	26.03670359			1.404009573		1.998996548		16.24931842		0.155563315	0.089043792	0.100009481	0.113349536	0.137604284	0.172046444	0.2194345
56		CB01_02	PM2.5	0.893959575	1.066876133	3.246096719	0.937983431	26	65.51975012	0			16.54671431		0		0.052616221		3.860757872	2.629907615	0.738576194	10.65168083	0	0	0
57		CB01_02	PM2.5	3.911073142	2.231531534	8.022418106	1.30949783	101	49.21049476	20.15014738			0.574936997		0		0.901159458		8.028586209	7.122127712	0	0	0.58717262	0.737917656	12.68746406
61		CB01_02	PM2.5	0.782214628	0.997971241	3.060449336	0.952872057	38	56.93994761	11.19231209			3.234432265		0.27851807		4.368311539		0	4.406194016	1.356548071	0	13.05650622	4.198239744	0.968998019
63		CB01_02	PM2.5	4.246307982	2.325202624	9.027552682	1.527280156	172	41.01630151	12.01233044			0.587921822	32.44392872	2.253730781		0		1.293451805	0	4.733729362	5.658608302	0	0	0
64		CB01_02	PM2.5	0.335234841	0.653325536	2.164064479	1.111684066	12	0	19.09403503			78.50037217		0.037738864		0.061039912		0.210947776	0.225336407	0.252736011	0.286171702	0.346823758	0.433068164	0.551733514
65		CB01_02	PM2.5	0.335234841	0.653325536	1.978417097	0.929130466	29	21.46572471	19.07815337			4.375319555		0.224310602		1.158706844		0	0	7.681708038	43.91876459	2.097315714	0	0
67		CB01_02	PM2.5	0.782214628	0.997971241	3.771186811	1.446839294	26	87.77218461	0			9.064896405		0.461457856		0.065845629		0.236669672	0.254084379	0.28610772	0.325360708	0.397100765	0.498463493	0.637819944
69		CB01_02	PM10	12.29194416	3.956082581	13.32382959	1.149284887	372	51.69143677	8.127666265			10.80162302	17.24712551	0.571427168		0		1.142808981	9.576688707	0	0	0	0.047168141	0.794047769
71		CB01_02	PM2.5	3.017113566	1.959976608	7.202930912	1.368412324	92	48.67283404	0			0.407113647		0		1.613940485		0	2.882758155	11.38752028	35.03582776	0	0	0
73		CB01_02	PM2.5	1.229194416	1.251023157	4.142481576	1.110940318	63	47.79060483	4.324524105			4.327909648		0		0.429739058		13.36148083	10.9628275	1.304190606	7.227891684	0	8.136880398	2.133950219
77		CB01_02	PM2.5	2.570133779	1.808976496	5.858353627	1.062638565	113	37.20237911	7.966057956			3.789616749		0.474689901		0		2.739200369	0	0	0	0	0.066924008	47.76114523
79		CB01_02	PM2.5	3.352348407	2.065996747	6.67784082	1.058554232	107	55.89865446	0			27.62982249		2.719063126		0		0	0	0	0	0	13.75246346	0
78		CB01_02	PM2.5	0.446979788	0.754395348	2.164064479	0.83376305	20	67.3961103	17.32820719			0		0.010934937		2.709531412		2.321501449	6.781788915	2.77800411	0.096597214	0	0.577318016	0
84		CB01_02	PM2.5	0.223489894	0.533438066	1.530224668	0.83376305	16	25.34318268	69.18853521			0.397551665		0		0.123988022		0.444230111	0.476932153	0.536718732	0.610557245	0.74542542	0.935703609	1.197177824
86		CB01_02	PM2.5	0.446979788	0.754395348	2.426609525	1.048339735	12	96.82767391	0			0		0.041564053		0.075734517		0.273562525	0.293932878	0.331101799	0.376845337	0.460500363	0.578463497	0.740613416
92		CB01_02	PM2.5	1.78791915	1.508790696	7.01728353	2.191695967	59	57.05310702	1.449812111			7.009149343		0		0		0	3.193294257	0	0	13.69894892	0	17.59568453
94		CB01_02	PM2.5	2.793623673	1.88598837	9.738290157	2.701392281	121	69.30015683	0			6.520327181		0		0		20.82712501	0	0	3.352382779	0	0	0
93		CB01_02	PM2.5	0.335234841	0.653325536	1.978417097	0.929130466	19	61.73565388	33.17722678			3.443286195		0.103425479		0.037459994		0.134919409	0.144855108	0.163170637	0.185536535	0.226430711	0.284255692	0.363769545
100		CB01_02	PM2.5	1.564429257	1.411344463	4.776321387	1.160436259	44	32.81098306	64.91482854			0.813613832		0.019993646		0		0.129380706	0.138890487	0.156438863	0.177861005	0.217023748	0.272412156	0.348576764
103		CB01_02	PM2.5	0.893959575	1.066876133	4.96196877	2.191695967	41	31.36327267	0			0		0.416117394		0		0	7.753142715	17.7117005	39.7316277	2.902242541	0	0.121895235
99		CB01_02	PM10	48.94428674	7.894162487	40.34278352	2.646182857	1900	49.06188846	3.402910382			2.694764547	35.71215272	0		0.743296789		0.239565084	2.429205738	2.512308769	0	0	1.342403144	1.861507818
104		CB01_02	PM2.5	0.670469681	0.923941834	4.065583912	1.961809578	30	53.47283483	0			0		0		0		8.646019548	0	0	0	1.996292919	35.8848542	0
105		CB01_02	PM2.5	1.564429257	1.411344463	5.147616152	1.347865374	40	79.30294275	0			0		2.469596267		8.824384958		0	0	0	3.446287289	3.434685245	2.522107214	0
106		CB01_02	PM2.5	0.335234841	0.653325536	2.240962143	1.192092698	20	86.969769	0			8.096240461		0.066275609		0.118736946		0.426199986	0.457657361	0.515130768	0.586070446	0.715674087	0.89849839	1.149746031
107		CB01_02	PM2.5	0.446979788	0.754395348	2.164064479	0.83376305	13	80.0542891	0			16.00066125		0		0.096742174		0.346104731	0.371415657	0.417979667	0.475213723	0.579736289	0.72742491	0.930438004
110		CB01_02	PM10	17.43221172	4.711197439	15.30224668	1.068926987	513	47.97154963	10.5423905			9.342204034	16.20788276	0		0		0	4.185351729	11.3637343	0	0	0.386882247	0
111		CB01_02	PM2.5	0.558724735	0.84343964	2.612256908	0.971905435	40	31.45537376	8.349900693			0.111077924		1.042755321		25.62952936		25.91993809	4.201446101	0	3.289983794	0	0	0
108		CB01_02	PM2.5	3.352348407	2.065996747	8.022418106	1.527747468	114	42.33118594	0			6.58775419	27.81043351	0.380449556		0		2.503875084	6.599063426	5.724408105	6.517735869	1.545103639	0	0
115		CB01_02	PM10	7.039931655	2.993913722	11.37726454	1.46317882	219	57.7393949	30.37417829			9.220617265		0		2.665805258		0	0	0	0	0	0	0
114		CB01_02	PM10	23.5781838	5.479112702	17.94635565	1.087006966	699	44.38674748	21.30440325			12.91958541	10.42759866	0		0.300384965		0	0	2.759211324	0	3.39958258	0	4.502487183
119		CB01_02	PM2.5	0.335234841	0.653325536	1.978417097	0.929130466	15	39.09763694	4.713622481			0.095102983		0.009594221		0.015294168		0	0	0	0	43.41371059	12.34898046	0.306065613
120		CB01_02	PM2.5	4.469797876	2.385607556	13.47762491	3.233917842	176	55.77001572	13.28256577			1.406856161		6.250935793		0.56333621		0	0.385889364	0	0	13.32372874	9.016662091	0
123		CB01_02	PM2.5	0.223489894	0.533438066	1.530224668	0.83376305	18	33.06608498	0			0		0.011467766		4.067637026		21.74837291	0	0	41.10643566	0	0	0
121		CB01_02	PM2.5	0.446979788	0.754395348	2.426609525	1.048339735	20	49.58470464	42.06246138			2.091949806		0		4.188083485		0.186736626	0.200295006	0.225423812	0.256120809	0.312163075	0.391489873	0.500572706
124		CB01_02	PM2.5	3.128858513	1.995942481	6.306546055	1.01155	103	64.10042644	26.65184736			2.092777379		0		7.15495348		0	0	0	0	0	0	0
129		CB01_02	PM2.5	0.223489894	0.533438066	1.530224668	0.83376305	14	100	0			0		0		0		0	0	0	0	0	0	0
127		CB01_02	PM2.5	3.128858513	1.995942481	6.754738484	1.160436259	103	69.72925663	1.669634692			11.21130586		0		2.080909908		3.499956429	2.440608293	0	0.369009771	0	8.999319375	0
128		CB01_02	PM2.5	0.670469681	0.923941834	3.585539429	1.525878653	38	52.35157609	15.10054171			0		0.004597591		8.87048617		0	0	6.88881427	8.481021225	5.027512088	2.447517961	0.827931799
126		CB01_02	PM2.5	0.558724735	0.84343964	2.612256908	0.971905435	24	72.67949581	0			6.86038062		9.383113682		10.12185514		0.094388443	0.092124345	0.103487191	0.117311475	0.142447732	0.17814337	0.227258867
131		CB01_02	PM2.5	4.134563035	2.294403878	7.574225677	1.104172688	136	70.19735575	0			13.95350397		0.791581348		0		0	4.050335288	10.68526208	0	0.321964733	0	0
132		CB01_02	PM2.5	0.558724735	0.84343964	2.612256908	0.971905435	39	5.268371478	0			5.17504923		0.036189531		0		6.329306215	19.13318634	23.0800271	39.60795701	0	0	1.369906869
133		CB01_02	PM2.5	0.558724735	0.84343964	2.612256908	0.971905435	28	51.75017715	29.51563597			0		7.232233137		5.565184727		2.608992532	0	0	0	0	3.327774629	0
135		CB01_02	PM2.5	0.670469681	0.923941834	2.79790429	0.929130466	16	31.22300506	20.65393925			24.27555472		2.440778352		0.038786884		2.093021385	1.813197881	1.173324976	5.886397511	0	0	10.40199623
138		CB01_02	PM2.5	0.446979788	0.754395348	2.79790429	1.393695698	28	61.20890379	17.27318317			6.026374176		0.009597588		3.800364956		0	0	0	4.229689762	4.275393486	3.176498041	0
139		CB01_02	PM2.5	2.011409044	1.600314199	4.96196877	0.974087097	58	47.05477059	9.481924772			1.997887157		0		0.016778936		35.81422269	5.634421483	0	0	0	0	0
137		CB01_02	PM10	6.034227133	2.771825501	9.475745111	1.184118654	265	49.82433021	4.531597719			3.656531498	22.45052159	1.28581021		1.546964329		0	0	0.766807841	0.009181588	6.99326843	8.934995532	0
140		CB01_02	PM2.5	0.223489894	0.533438066	1.530224668	0.83376305	14	40.195328	56.05687499			0.25831305		0.087056321		0.082914071		0.297943875	0.319914706	0.360188889	0.409710128	0.500209862	0.627968693	0.803584699
141		CB01_02	PM2.5	0.446979788	0.754395348	2.79790429	1.393695698	22	29.79975343	6.448251754			4.927523807		4.520780966		3.23154442		0	0	0	0	0	51.07215047	0
143		CB01_02	PM2.5	0.223489894	0.533438066	1.530224668	0.83376305	17	39.11290169	47.10523784			12.31195554		0		0		0.13231989	0.141954271	0.159810565	0.181592733	0.221378403	0.277698576	0.355152343
144		CB01_02	PM2.5	2.570133779	1.808976496	5.858353627	1.062638565	132	73.10554385	0			23.26488495		0		3.629574925		0	0	0	0	0	0	0
146		CB01_02	PM2.5	0.335234841	0.653325536	1.978417097	0.929130466	20	35.96735597	0			5.377953872		0.04330214		0		0.816567987	39.56302404	16.13509804	0	0	0	2.09669508
145		CB01_02	PM2.5	0.223489894	0.533438066	1.530224668	0.83376305	15	73.33979011	24.38354045			0.020281589		0		0.054691412		0.197363948	0.211988436	0.238808338	0.271678879	0.331793237	0.416677818	0.533379428
147		CB01_02	PM2.5	0.223489894	0.533438066	1.530224668	0.83376305	20	16.81583375	34.45229828			2.883069962		0.10211115		0.045896095		0.809981674	1.879019663	0.183118519	0	0	0	42.82866418
148		CB01_02	PM2.5	0.223489894	0.533438066	1.530224668	0.83376305	29	50.25003552	0			0.325554493		9.152708948		0.023084447		18.67225319	0	0	7.837695628	0	13.738662	0
149		CB01_02	PM2.5	3.575838301	2.133752265	6.863488203	1.048339735	109	45.46279907	10.24378464			26.0217011		0		0.535063958		1.801537909	6.928995252	9.006112814	0	0	0	0
151		CB01_02	PM2.5	0.893959575	1.066876133	3.246096719	0.937983431	42	89.72179294	0			0		0.012828638		2.274862304		0	0	0	0	1.96362827	6.026885286	0
152		CB01_02	PM2.5	0.782214628	0.997971241	3.508641765	1.252397696	25	25.26607513	13.81431669			5.194380507		0.005431251		5.899371207		4.086247087	13.98010701	13.47166598	14.773646	2.480129525	0	1.028619148
153		CB01_02	PM2.5	0.223489894	0.533438066	1.530224668	0.83376305	2	56.24581575	0			0		0.659405533		1.095553208		3.802114353	4.073286057	4.558364674	5.181596801	6.317772716	7.932184637	10.13390794
154		CB01_02	PM2.5	0.223489894	0.533438066	1.530224668	0.83376305	25	41.17901623	57.22526908			0		0		0.038804708		0.139755942	0.150050432	0.169020856	0.192194607	0.234565791	0.294472207	0.376846129
155		CB01_02	PM10	13.40939363	4.131993495	16.5699263	1.629379133	422	62.54523396	0			4.63854596	22.70726413	1.115314383		1.900601573		2.527845837	1.460660994	0	0	0	3.10451705	0
156		CB01_02	PM2.5	2.681878726	1.847883667	5.672706244	0.954842168	102	58.69873166	28.33534777			8.584227413		0		1.643248647		0	0	0	0	0	2.738435939	0
157		CB01_02	PM2.5	0.223489894	0.533438066	1.530224668	0.83376305	13	0	0			0		36.01577878		41.43859744		5.799051002	13.85095716	2.02585198	0	0	0	0.86976327
158		CB01_02	PM2.5	0.893959575	1.066876133	3.87993653	1.340051527	41	30.24528921	16.57235026			4.811838642		0		0.006954659		2.144100145	4.661753401	7.933500409	22.2060889	3.128281608	6.792395562	1.497439016
160		CB01_02	PM2.5	1.117449469	1.192803778	3.694289147	0.971905435	44	50.44044852	37.77283132			2.973574772		1.022069901		0		0	0	0	0	6.939732283	0	0.851349439
161		CB01_02	PM2.5	0.223489894	0.533438066	1.530224668	0.83376305	17	91.64747596	0			0		5.654519051		0.14157074		0.229724939	0.246579992	0.277628889	0.315653346	0.38513192	0.483344821	0.618375884
162		CB01_02	PM2.5	0.335234841	0.653325536	1.978417097	0.929130466	25	31.37860894	0			11.56786457		0.012720397		1.0582624		2.976236492	0	0	19.27312016	0	33.73319507	0
163		CB01_02	PM2.5	0.223489894	0.533438066	1.530224668	0.83376305	14	31.74348772	59.8770678			6.528326869		0.025052743		0.04467082		0.160200452	0.171913579	0.193562638	0.220010104	0.268331799	0.336691132	0.430691289
164		CB01_02	PM2.5	4.581542823	2.415243569	8.208065488	1.170199778	176	76.1484623	0			10.36644205		0		0		0	0	1.566470601	5.582877621	1.719999872	4.615737125	0
166		CB01_02	PM2.5	1.899664097	1.555225852	5.038866433	1.063601679	90	60.5306983	1.110296138			0	32.62488246	0		4.372083023		0	0	0	0	1.362046134	0	0
168		CB01_02	PM2.5	0.446979788	0.754395348	2.612256908	1.214881794	18	50.82660913	42.53852665			0		0.089415902		0.159745745		0.572814653	0.615201937	0.692252256	0.787859689	0.962480903	1.208536327	1.546557434
167		CB01_02	PM2.5	1.005704522	1.131593022	3.508641765	0.974087097	59	40.38307369	20.68760842			0		5.353128538		1.643694378		0	0	7.624163479	0	7.969948649	16.33838415	0
170		CB01_02	PM2.5	3.799328195	2.199421492	7.836770723	1.286345429	110	23.02123457	1.993678138			0		3.854675218		0		5.4854583	8.271034062	6.040262431	0	0.517972512	20.62410116	30.19158542
169		CB01_02	PM2.5	0.335234841	0.653325536	1.978417097	0.929130466	20	0.695720734	12.57753372			0.439111283		5.085263029		0.082015392		62.56729364	10.80452725	0	7.748538256	0	0	0
171		CB01_02	PM2.5	0.446979788	0.754395348	2.612256908	1.214881794	29	26.40579343	5.682365596			0.95073767		9.0312846		0		0.802946743	0.905903615	0	0	41.68843627	11.24364585	3.288889304
172		CB01_02	PM2.5	1.676174204	1.46088031	4.590674005	1.00051566	50	46.88068926	11.44929528			0		0.064274162		0		0	0	0	0	11.53250784	0	30.07322848
173		CB01_02	PM2.5	0.670469681	0.923941834	3.060449336	1.111684066	21	37.52631843	28.08070779			0		12.37361133		0.722987438		8.715376258	11.94071099	0	0	0	0	0.640276587
175		CB01_02	PM2.5	0.335234841	0.653325536	2.164064479	1.111684066	24	0	83.37933421			7.392385602		0.389597309		0.144701602		0.512092141	0.548897358	0.616616011	0.700768316	0.856505334	1.073618419	4.385497048
176		CB01_02	PM2.5	1.899664097	1.555225852	7.836770723	2.572690857	79	96.18811011	0			0		0.055199303		1.358079724		0	0	0	0	0	2.398607694	0
