Id	Area	Field	Class	Area (?m²)	ECD (?m)	Perimeter (?m)	Shape	Count	O Wt%	F Wt%	Mg Wt%	Al Wt%	Si Wt%	Cl Wt%	Ca Wt%	Fe Wt%	La Wt%	Ce Wt%	Pr Wt%	Nd Wt%	Sm Wt%	Gd Wt%	Dy Wt%
2		CB02_03	PM2.5	0.893959575	1.066876133	3.246096719	0.937983431	36	42.2129631	30.32514453		1.63239073		0.896009803	21.90794945		0	0	0.337832468	0.101043296	0.203555636	0.440892763	1.942226477
1		CB02_03	PM2.5	1.899664097	1.555225852	5.147616152	1.110006779	56	35.70833802	33.96288455		1.183189359		1.815725118	0		2.335195802	7.097943127	0	0	0	17.89672077	0
5		CB02_03	PM2.5	1.45268431	1.360005555	4.328128958	1.026169907	54	54.53525782	0		2.755815163		1.981043443	40.49522281		0	0	0.069201982	0	0.038351689	0.064560992	0.060546433
3		CB02_03	PM2.5	3.799328195	2.199421492	6.940385866	1.008905661	141	59.11083221	7.226543128		2.677402645		0	24.07348156		0	0	0	4.399578273	0.599740352	0.245811953	1.666612737
4		CB02_03	PM2.5	4.358052929	2.35559872	7.836770723	1.121429348	130	58.24380517	0.291078445		0.917510968		0.011946241	22.26765603		0.237260386	6.727255881	9.33708474	1.966402121	0	0	0
6		CB02_03	PM2.5	1.676174204	1.46088031	4.776321387	1.083073842	99	43.7372148	10.88723764		0	37.02276051	1.797433011	5.639917403		0	0	0	0	0	0.915439241	0
7		CB02_03	PM10	5.698992292	2.693730193	8.656257917	1.046290886	264	48.43806028	4.475824907		24.08510894		0.74756965	1.685665362		0	4.54666391	7.257604599	0	4.440246895	0	4.323259369
9		CB02_03	PM2.5	0.446979788	0.754395348	2.426609525	1.048339735	35	27.856794	9.730636328		18.84791702		0.006860739	0.011038782		16.79125577	0	0	4.739744216	6.946813315	0.748643046	14.32029903
8		CB02_03	PM2.5	0.558724735	0.84343964	2.612256908	0.971905435	24	72.95912504	0		10.26524529		1.993720047	13.83134872		0.130752765	0.087731559	0.098555465	0.111722597	0.135669904	0.169671909	0.21645478
11		CB02_03	PM2.5	2.123153991	1.644166543	5.224513816	1.023058353	106	50.71374178	0		5.192632228		0	0.009255607		16.95788503	6.470977515	0	0.285463291	0	0.452880561	19.91717368
10		CB02_03	PM2.5	0.223489894	0.533438066	1.530224668	0.83376305	11	5.348042771	0		0		0.011476952	2.354654483		0	0	54.54663634	34.66674984	0	0	3.072441556
16		CB02_03	PM2.5	1.676174204	1.46088031	4.513776341	0.967277432	45	45.27734816	28.55822444		3.68004106		0.005627436	8.672172576		4.376850277	4.04150337	0	0	2.579398267	2.808824182	0
17		CB02_03	PM2.5	1.564429257	1.411344463	4.96196877	1.252397696	62	59.02242661	20.10135204		2.026651613		3.109030053	8.71764496		0	0	4.007963091	1.758214086	0	1.256710757	0
18		CB02_03	PM2.5	0.558724735	0.84343964	2.612256908	0.971905435	18	19.21829432	3.229315206		0.223922753		0.041657651	7.923330367		0	0.083324837	1.380739175	0.367918308	5.13160713	0	62.399894
20		CB02_03	PM2.5	0.223489894	0.533438066	1.530224668	0.83376305	19	35.31262577	61.19269729		1.794833876		0	0.041421954		0.148960424	0.159905502	0.18009356	0.204757741	0.249842717	0.313596823	0.401262054
19		CB02_03	PM2.5	1.45268431	1.360005555	4.142481576	0.940026423	68	41.58551395	0		3.865129873		0	5.92463091		1.505794469	3.258760646	20.80119997	7.046506554	5.569859594	2.199578285	8.243018389
21		CB02_03	PM2.5	0.223489894	0.533438066	1.607122332	0.919665974	24	67.41141081	29.55598533		0		1.613960601	0.034474352		0.124238979	0.133393484	0.150270609	0.170869962	0.208537467	0.261803879	0.335050491
22		CB02_03	PM2.5	0.223489894	0.533438066	1.530224668	0.83376305	32	69.07014847	23.58532399		1.51740443		0.007795915	2.827154659		0	0	1.413883455	0.250232592	0.556835113	0.54553533	0.225695362
24		CB02_03	PM2.5	2.011409044	1.600314199	5.224513816	1.079894928	71	75.67676306	2.511355281		0		0.003181205	17.97612458		3.33048217	0	0	0	0	0	0.502093229
25		CB02_03	PM2.5	0.782214628	0.997971241	3.060449336	0.952872057	34	86.54698133	0		4.233464599		0.053459383	7.701133937		0	0.126423745	0.418651849	0.161527668	0.19667102	0.2465531	0.315126707
26		CB02_03	PM2.5	0.223489894	0.533438066	1.530224668	0.83376305	16	12.34451234	0		1.49340285		0.007550567	11.30285785		3.122323751	5.593600124	35.3435576	12.04005256	9.816347808	4.530132934	4.405660927
28		CB02_03	PM2.5	0.223489894	0.533438066	1.530224668	0.83376305	12	59.40718055	0		0		0.06024047	0.100721745		8.253546804	17.46108979	0.42516971	1.64605584	0	12.64600158	0
30		CB02_03	PM2.5	1.340939363	1.306651072	4.513776341	1.20909679	48	37.01178133	40.29142261		0.57978197		0.006492517	7.530806214		0	0	5.305963382	1.098528132	3.375596553	3.750858828	1.048761886
34		CB02_03	PM2.5	4.581542823	2.415243569	7.945520442	1.09653648	182	64.07560706	0		0		1.266983617	15.38449377		3.020345233	5.33473976	0.6168277	0	6.164965406	4.136025533	0
33		CB02_03	PM10	21.00805002	5.171873939	19.10528555	1.382647457	646	42.21026301	1.050500292	6.920095533	7.230075449	8.975021541	0	1.162212063	12.48096749	0.864303205	0	0	0	2.333510108	5.160382763	11.61266267
35		CB02_03	PM2.5	0.223489894	0.533438066	1.530224668	0.83376305	14	52.70982385	0		0		0.706662796	1.164670009		0	0	0	45.41884959	0	0	0
37		CB02_03	PM2.5	0.782214628	0.997971241	3.771186811	1.446839294	31	68.56471896	1.855311729		5.001769215		0	9.683366865		0	0	0	0	0	14.89483267	0
38		CB02_03	PM2.5	0.223489894	0.533438066	1.530224668	0.83376305	9	0.841665454	0		0.686051277		0.015601076	0.022258741		1.383720152	2.733099088	4.373918474	4.669569805	0	71.85947299	13.41464818
36		CB02_03	PM2.5	3.128858513	1.995942481	8.918802963	2.0231	132	50.14833808	3.955401853		4.800634831	24.13759977	0.463878037	0		2.799449861	5.604450405	0.140636135	0	6.094494835	0	1.855119877
40		CB02_03	PM2.5	0.670469681	0.923941834	2.79790429	0.929130466	49	65.61666727	5.692869425		14.86877799		2.270437218	0.020444753		1.121919695	0.974169187	0.631686673	3.174936771	0	0	5.628092587
39		CB02_03	PM2.5	1.899664097	1.555225852	6.044001009	1.530249962	90	37.63849437	12.38457561		3.996505961		0	0		0	0	0	11.91585436	5.673862249	0	28.39070261
42		CB02_03	PM2.5	1.45268431	1.360005555	4.513776341	1.116089345	59	9.088390321	4.988189042		0		0.381810614	11.76059097		5.425414443	9.90287438	33.56041312	8.129907399	8.675277978	4.079020768	4.008117318
43		CB02_03	PM10	19.89060055	5.032444653	18.47144574	1.365035723	688	32.08363354	7.853726298		0.770711945		0.602244306	1.543166675	47.47507274	2.680490352	0	3.956133127	0	2.283983864	0	0.750840595
44		CB02_03	PM2.5	0.223489894	0.533438066	1.530224668	0.83376305	22	68.06262136	0		1.98541414		26.49188042	1.276185364		0.198759837	0.212600967	0.238729897	0.270596636	0.328517961	0.410770485	0.523923524
46		CB02_03	PM2.5	1.564429257	1.411344463	4.96196877	1.252397696	70	76.58025026	2.150783129		3.465771675		0	0		0	0	0	17.80319363	0	0	0
45		CB02_03	PM2.5	0.223489894	0.533438066	1.530224668	0.83376305	21	0	53.0221343		2.658206969		0.119623996	0		10.48576683	27.47452855	4.360713065	0	0	0	1.879020594
49		CB02_03	PM2.5	0.223489894	0.533438066	1.530224668	0.83376305	8	23.33762199	0		0.927930977		1.278882939	1.980767027		6.650646776	7.09394291	7.90040493	8.947728574	10.86214259	13.63333315	17.38660038
48		CB02_03	PM2.5	4.805032717	2.473450559	8.841905299	1.294748764	160	82.26123452	0		11.97985113		0	5.489281565		0.053831557	0.031235136	0.035154217	0.039913162	0.048593854	0.060907123	0
51		CB02_03	PM2.5	1.564429257	1.411344463	6.67784082	2.268330498	91	27.5491029	8.201431483		18.48541051		0.418069633	0.995729677		4.566464946	7.177099586	18.47787648	5.179968104	4.719008505	0	4.229832068
