Id	Area	Field	Class	Area (?m²)	ECD (?m)	Perimeter (?m)	Shape	Count	Be Wt%	O Wt%	F Wt%	Al Wt%	Si Wt%	S Wt%	Cl Wt%	Ca Wt%	Br Wt%	Mo Wt%	La Wt%	Ce Wt%	Pr Wt%	Nd Wt%	Sm Wt%	Gd Wt%	Dy Wt%
1		CM01_03	PM2.5	0.446979788	0.754395348	2.164064479	0.83376305	23		39.02764618	10.26567072	6.871943921			0	0.705422927			2.395785041	7.217969745	0	0	20.06324232	4.794070125	8.658250421
2		CM01_03	PM2.5	1.229194416	1.251023157	3.87993653	0.974582929	40		56.73336387	0	6.80276826			1.023096032	0			0	0	0	19.67409104	10.37155017	0	5.395131931
3		CM01_03	PM2.5	0.893959575	1.066876133	4.142481576	1.527542937	47		40.35164118	8.700118214	0.125385972			2.578192391	1.864747703			0	0	5.062972382	24.62580204	13.68958354	0.267666089	2.73389183
4		CM01_03	PM10	5.475502398	2.640383718	9.552642774	1.326212867	170		48.85793924	0	2.428287081			0	12.81354874			4.11914289	10.46932563	13.48633766	6.888293475	0	0.937130023	0
5		CM01_03	PM2.5	0.223489894	0.533438066	1.530224668	0.83376305	21		51.47979856	9.633188695	2.141846158			0	0.020273628			4.050861299	0	0	29.50953245	0	0	3.164507821
6		CM01_03	PM2.5	0.782214628	0.997971241	3.246096719	1.071981064	22		0	5.658845231	1.928772032			2.806926705	0			0	0	34.79055762	40.46407938	0	14.35081512	0
8		CM01_03	PM2.5	0.558724735	0.84343964	2.612256908	0.971905435	39		40.43256342	6.471585482	11.19573861			1.405453868	12.67151982			0	0	0	0	0	17.70806164	10.11508554
11		CM01_03	PM2.5	1.78791915	1.508790696	4.96196877	1.095847984	187		57.38479495	3.374089301	1.306003332			0.008470939	17.81245023			12.995781	0	0	7.118406892	0	0	0
9		CM01_03	PM10	13.52113858	4.149174415	17.65195854	1.833845187	985		67.72791743	0	4.231888056	13.23084235		1.591040753	5.823537707			0.570176914	0	0	0.230386481	2.328345738	4.265853018	0
12		CM01_03	PM2.5	1.899664097	1.555225852	7.728021005	2.501784565	259		51.08026862	37.45052218	0			0	6.225975975			0.259075221	0.506753474	0.314880232	0.11196055	0.161207817	0.171405287	3.717954084
16		CM01_03	PM2.5	2.681878726	1.847883667	5.858353627	1.018361958	91		54.82041836	0	0			0.367954327	5.761991069			0	0	0	0	0	39.04963434	0
13		CM01_03	PM10	6.592951867	2.89731031	10.07773287	1.225846003	211		44.27230358	11.35814041	12.38613501			0	0.321026356			4.218563437	13.36268932	0.415802887	0	3.130525351	0.946460385	9.588342905
20		CM01_03	PM2.5	0.558724735	0.84343964	2.612256908	0.971905435	85		47.26489186	21.62262797	0			0.022648396	0.038183032			0	0	0	0	31.05165064	0	0
22		CM01_03	PM10	21.45502981	5.226604288	26.12256908	2.531003737	542		64.96136785	0	0			0.144320761	9.43948105			0	0	0	2.83671394	0	0	22.61812389
23		CM01_03	PM2.5	1.564429257	1.411344463	4.513776341	1.036368677	48		28.91602218	0	0.00402556			2.930453792	0.818489585			1.22186942	8.039447665	20.29008716	13.19748163	4.349305853	15.53318799	4.699626192
21		CM01_03	PM10	13.07415879	4.080016665	15.59664378	1.480603212	363		57.91130066	2.476075292	7.98144564	13.25027049		0	4.014712945			0	1.765687019	5.094077438	0	3.149884939	0	4.356525838
24		CM01_03	PM2.5	3.911073142	2.231531534	8.022418106	1.30949783	131		31.98206127	0	1.110772882			8.278154582	1.977080293			0	2.419621311	16.36939049	23.99260104	0	9.650761634	4.219563678
25		CM01_03	PM2.5	0.446979788	0.754395348	2.689154571	1.287460114	33		6.504011154	0	0.009412906			0.010833368	21.38406783			0	0	0	0	2.685611695	2.656308003	66.74975753
27		CM01_03	PM2.5	0.335234841	0.653325536	1.978417097	0.929130466	35		72.4696517	0	0			0.019442133	0			0	0	0	0	27.51090527	0	0
29		CM01_03	PM10	33.52348407	6.53325536	38.25561671	3.474012707	757		87.56420016	0	8.354012668			0.041566929	0.871769525			0	0	0	0	3.168455139	0	0
28		CM01_03	PM10	14.41509815	4.284142039	14.70025893	1.192950712	367		46.27164602	18.20781082	3.78125757			4.858527705	1.996700093			0	8.094543219	8.136813343	0	8.65271315	0	0
33		CM01_03	PM2.5	0.893959575	1.066876133	4.142481576	1.527542937	44		49.33516085	31.38082325	11.13483161			0.137182302	0			1.391893346	2.519903332	0	0	0	4.100205377	0
34		CM01_03	PM2.5	0.893959575	1.066876133	3.246096719	0.937983431	38		13.48583251	31.80312812	7.905480266			0	3.171994165			0	0	0	0	35.77088714	0	7.862683386
35		CM01_03	PM2.5	1.676174204	1.46088031	4.699423723	1.048480103	47		12.0720394	13.60488981	13.42549771			0.119179138	2.04187464			0	0.052534649	1.131627709	0.295082526	4.417071491	0	52.84020901
37		CM01_03	PM10	11.28623964	3.790789709	13.50947697	1.286820406	472		49.05197024	0	0.798440352	43.23250949		0	0			0	0	1.558631752	0	0	0	5.358446762
38		CM01_03	PM2.5	0.223489894	0.533438066	1.530224668	0.83376305	17		69.80081201	0	5.875665322			0.072601187	0.124695559			0	17.38182008	1.321490668	0	0	0	5.422905833
40		CM01_03	PM2.5	2.011409044	1.600314199	5.147616152	1.048339735	40		38.10814917	36.9909972	0.252405042			1.158264	23.16820621			0	0	0.043536225	0.049286417	0.059709186	0.074530137	0.094933825
44		CM01_03	PM10	6.704696814	2.92176062	9.738290157	1.125580117	218		68.42668653	3.476961702	0			1.523187477	11.04487851			1.514735445	4.488629475	3.939510137	4.758797958	0.826623291	0	0
45		CM01_03	PM2.5	1.117449469	1.192803778	4.065583912	1.177085747	62		67.35248566	23.36651087	0			0	0.78601921			0	0	0	0	8.494986594	0	0
46		CM01_03	PM2.5	2.123153991	1.644166543	5.224513816	1.023058353	87		54.1476965	28.04917693	4.070926458			5.195267498	0			0	0	0	0	0	2.791996673	5.744931847
48		CM01_03	PM2.5	0.223489894	0.533438066	1.530224668	0.83376305	8		18.77110004	3.355780616	0.023538548			0.010558866	9.631601721			1.270868722	45.79931796	18.73939931	0	0	0	2.39784345
47		CM01_03	PM2.5	0.446979788	0.754395348	2.426609525	1.048339735	22		76.76032186	0	16.01520181			0.043092898	4.110647365			0.277147815	0.297118071	0.33420024	0.379582192	0.462369714	0.579573773	0.740733137
49		CM01_03	PM2.5	0.223489894	0.533438066	1.530224668	0.83376305	4		69.04591918	0	0			0.446862867	0.762658846			2.679792978	2.874985337	3.223373741	3.668268397	4.479372501	5.625648797	7.193121314
51		CM01_03	PM2.5	0.335234841	0.653325536	2.164064479	1.111684066	18		29.54997122	14.24907148	0.071813416			3.514716402	0.623452431			0	0	28.09836566	23.89261276	0	0	0
50		CM01_03	PM2.5	0.335234841	0.653325536	2.240962143	1.192092698	40		78.50472331	0	0			7.480765879	13.20368797			0.119978073	0.073920004	0.083046179	0.094143319	0.114328298	0.142985617	0.182417303
54		CM01_03	PM2.5	0.782214628	0.997971241	3.694289147	1.388436336	40		44.92380917	53.85100842	0			0.398424966	0			0	0.82675647	0	0	0	0	0
53		CM01_03	PM2.5	0.670469681	0.923941834	2.874801954	0.980904789	32		28.9203763	0	0			0	1.730180718			2.078508772	0	0	2.991428785	54.49684262	0	9.782668203
55		CM01_03	PM2.5	0.446979788	0.754395348	2.612256908	1.214881794	27		50.42027235	1.876883395	5.161225051			11.47855818	0.022260733			3.157355636	0	0	27.88345218	0	0	0
59		CM01_03	PM2.5	0.335234841	0.653325536	1.978417097	0.929130466	19		7.22258836	0.007424215	1.209425554			0	0.014837612			3.702620417	18.90097857	22.37733752	35.31955779	0	0.843894575	10.4013361
57		CM01_03	PM2.5	0.446979788	0.754395348	2.164064479	0.83376305	20		73.33035469	0	13.64932209			0.064656057	11.41004562			0.501887454	0.45887907	0	0.584851112	0	0	0
61		CM01_03	PM2.5	0.446979788	0.754395348	2.426609525	1.048339735	19		51.5196383	16.68535471	1.799944043			0.017416006	0.02927068			0.163463177	0	0	0	0	11.32478043	18.46013218
63		CM01_03	PM2.5	1.005704522	1.131593022	4.590674005	1.6675261	43		28.56728435	0	0			10.98177209	0.093880988			6.95906207	9.207271039	0	0	0	44.19072866	0
64		CM01_03	PM10	36.54059764	6.820918846	31.76342327	2.197197487	792		62.19239831	4.57691066	0			0	5.855082721			4.616002738	17.00920314	5.656974763	0	0.093428977	0	0
69		CM01_03	PM2.5	0.893959575	1.066876133	3.508641765	1.095847984	38		64.89175558	15.14217556	0			4.557901993	0			3.264273703	2.027061582	1.971745491	8.145091683	0	0	0
68		CM01_03	PM2.5	0.223489894	0.533438066	1.530224668	0.83376305	13		50.67836046	44.84027028	2.688395046			0.02450163	0			0.158777321	0.170462264	0.191996188	0.218317495	0.266440236	0.334466109	0.428006472
72		CM01_03	PM2.5	0.446979788	0.754395348	2.689154571	1.287460114	30		56.10272288	0	30.95591068			0.094863103	0			5.18678762	7.052908093	0	0	0	0.606802898	0
70		CM01_03	PM2.5	0.782214628	0.997971241	3.508641765	1.252397696	35		64.5768404	0	0			6.045279652	4.507415742			0	0	0	0	0	24.87046421	0
71		CM01_03	PM2.5	0.335234841	0.653325536	1.978417097	0.929130466	13		14.40499723	0	0			0.005626361	0.008338509			1.571596786	4.321236908	1.287711505	0.619520247	15.2533263	62.52765656	0
75		CM01_03	PM10	7.263421549	3.04106487	10.89722006	1.301009082	222		61.31243706	0	0.667445362			0.875261799	0.461662933			1.586716063	23.05963337	12.03684062	0	0	0	0
76		CM01_03	PM2.5	0.223489894	0.533438066	1.530224668	0.83376305	16		15.49587995	0	5.150175467			0	0.021866111			1.598387584	9.786178917	12.77350634	18.72531921	2.017296292	0.571224745	33.86015296
79		CM01_03	PM10	10.7275149	3.695767335	15.67354145	1.822322691	296		41.06012881	11.6243273	6.730852276			0	0.122025434			5.534144118	16.62173867	8.571127802	6.461002678	3.27465497	0	0
78		CM01_03	PM2.5	1.45268431	1.360005555	4.142481576	0.940026423	67		23.70171696	0	0			2.212174982	1.731244475			3.158446774	5.727333948	4.824760184	0	3.594707325	24.38571006	30.66390753
80		CM01_03	PM2.5	1.45268431	1.360005555	4.328128958	1.026169907	61		83.39676261	0	0.868566707			0	12.37471849			0	0	0	0	3.186392039	0	0.173556234
81		CM01_03	PM2.5	4.581542823	2.415243569	8.284963152	1.192228634	192		46.29166126	6.917117536	0	31.81008101		0.4004193	0.674019195			1.939829625	9.246096015	2.597432584	0.123360788	0	0	0
82		CM01_03	PM2.5	3.017113566	1.959976608	7.465475959	1.469986955	200		41.48695767	0	6.226700544			0	1.12140188			1.80089809	2.596070059	12.49109954	1.311470382	21.45966291	0	11.50573716
84		CM01_03	PM2.5	1.45268431	1.360005555	4.328128958	1.026169907	419		15.75606316	1.226156671	12.14605644			0	8.151213825			0	0	26.99744105	15.315485	10.65127477	5.741382763	4.014933109
86		CM01_03	PM2.5	0.223489894	0.533438066	1.530224668	0.83376305	13		60.54905057	0	0			0.018643444	2.557753585			0	0	0.653128698	9.695001692	16.40038341	0	10.1260379
85		CM01_03	PM2.5	0.893959575	1.066876133	3.246096719	0.937983431	38		83.99528265	0	11.30375043			0.027737312	2.671299502			0.180252141	0.193366001	0.217658444	0.247327751	0.301510654	0.378189213	0.483636931
87		CM01_03	PM2.5	0.335234841	0.653325536	2.240962143	1.192092698	122		0	0	0			0.106558413	3.810482845			32.18882084	51.97640061	1.984236389	0	0	0	9.933496267
89		CM01_03	PM2.5	0.223489894	0.533438066	1.530224668	0.83376305	24		29.62418795	48.1349647	0			0	21.24475688			0.263439817	0.096954417	0.085833267	0.09720567	0.117862597	0.147208967	0.187586562
90		CM01_03	PM2.5	0.223489894	0.533438066	1.530224668	0.83376305	17		40.84358811	53.43723297	4.349074885			0	0.033413319			0.120113592	0.12892118	0.145200454	0.165058603	0.201358483	0.252711005	0.323332264
91		CM01_03	PM10	7.039931655	2.993913722	12.72184183	1.829454768	666		46.24967873	17.37110019	5.639656633	18.93197745		0	1.437078603			1.492004469	0	0	8.878498524	0	0	0
92		CM01_03	PM2.5	3.911073142	2.231531534	7.202930912	1.055632364	671	99.61953163	0.257719867	0	0.007534437			0	0			0	0	0	0	0.11521515	0	0
94		CM01_03	PM2.5	2.90536862	1.923338301	8.547508198	2.001096105	236		60.63477993	0.223438791	1.022769138			0	3.636028618			1.1623675	1.203886792	0	3.422756121	0	17.54401922	11.1499615
93		CM01_03	PM2.5	1.45268431	1.360005555	4.142481576	0.940026423	44		32.56859779	31.08504415	0			0.080162339	5.125998333			0	0	0	8.737453073	18.19403321	4.208704829	0
95		CM01_03	PM2.5	0.782214628	0.997971241	4.699423723	2.246743078	166		45.84742188	2.025251649	0			7.309567183	0			0	0.313895335	6.719908863	37.78394461	0	0	0
96		CM01_03	PM2.5	3.799328195	2.199421492	7.126033249	1.063601679	481		35.08977592	3.551922366	0			0	4.47656773			0	0	1.512923837	0	0	10.21450013	45.15430927
97		CM01_03	PM2.5	3.24060346	2.03127164	6.67784082	1.095056102	373		72.17991948	0	8.904018998			2.090943418	0			0	0.701150624	0	0	8.111540228	8.012414724	0
98		CM01_03	PM2.5	0.223489894	0.533438066	1.530224668	0.83376305	85		19.57502216	8.571188897	0.107520772			0	0.024936761			55.4733336	9.564703703	0	6.68329522	0	0	0
99		CM01_03	PM2.5	0.223489894	0.533438066	1.530224668	0.83376305	21		70.103544	16.01087153	0.026802043			1.253793854	11.44955307			0.192508916	0.102694449	0.115472847	0.131021149	0.159361982	0.199549086	0.254829507
100		CM01_03	PM2.5	1.899664097	1.555225852	4.96196877	1.031386338	66		42.95969307	10.69226786	0.57799858			0	5.72918728			10.89121178	8.43186751	0	0	12.18723953	8.530525863	0
103		CM01_03	PM2.5	1.676174204	1.46088031	5.038866433	1.205415236	73		71.56707048	4.371834919	8.845368028			0	0			0	0.426339312	0	0	1.750769652	0	13.0386129
105		CM01_03	PM2.5	0.558724735	0.84343964	2.612256908	0.971905435	21		26.25875175	66.4578557	0			0	3.179768473			0.369506981	0.396394543	0.445965491	0.506891543	0.618111715	0.775323436	0.991423987
107		CM01_03	PM2.5	0.446979788	0.754395348	2.164064479	0.83376305	14		9.829080105	0	1.488402858			0.011088533	0.016596669			0	9.888389707	24.61751401	50.06887317	3.801112622	0	0.278941984
109		CM01_03	PM2.5	0.446979788	0.754395348	2.164064479	0.83376305	4		9.26361382	0	0.01127725			0.014555326	0.021557025			0	29.17729616	18.47033799	0	0	34.12058651	8.920771629
108		CM01_03	PM2.5	2.011409044	1.600314199	5.224513816	1.079894928	70		55.1330626	19.7442472	15.14374912			0	9.978941828			0	0	0	0	0	0	0
111		CM01_03	PM2.5	0.558724735	0.84343964	2.612256908	0.971905435	44		57.42877126	20.43198943	0			4.845225066	0.256409007			0	0	0	0	0	4.266526923	12.77108043
110		CM01_03	PM2.5	0.782214628	0.997971241	3.060449336	0.952872057	31		61.06193066	0	6.264345348			14.15322274	7.088630646			6.847516447	4.584347084	0	0	0	0	0
112		CM01_03	PM2.5	0.335234841	0.653325536	1.978417097	0.929130466	10		0	32.76563883	27.35110819			0	36.42713428			0.341484533	0.339600374	0.379381073	0.42797639	0.515394611	0.640226807	0.81205368
113		CM01_03	PM2.5	0.223489894	0.533438066	1.530224668	0.83376305	9		18.35320592	0	0			0.05228949	0.077968527			0	0	0	0	0	81.51654005	0
114		CM01_03	PM2.5	0.558724735	0.84343964	3.508641765	1.753356774	36		42.30038524	18.9293921	11.22415662			13.24640214	0.732843205			1.299174689	1.163046993	0.75797271	3.569162264	0	0	6.777460873
116		CM01_03	PM2.5	2.570133779	1.808976496	8.022418106	1.992714089	105		31.92561567	38.3965075	0			4.140266404	11.71194986			0	0	8.424517512	5.401140079	0	0	0
117		CM01_03	PM2.5	1.78791915	1.508790696	4.776321387	1.015381726	62		49.30242002	2.668723278	3.056667			10.36571041	12.9317075			5.594146624	2.627216093	0	0	0	0	13.45341802
120		CM01_03	PM2.5	0.335234841	0.653325536	2.164064479	1.111684066	17		26.22790635	6.023931131	1.405494474			0.270036166	0.016403942			1.144710463	44.34963763	18.21286678	0	0	0	2.349017933
118		CM01_03	PM2.5	4.469797876	2.385607556	12.68998977	2.866980872	136		77.89352536	0	1.954977214			0	9.207937866			10.94355285	0	0	0	0	0	0
119		CM01_03	PM2.5	0.223489894	0.533438066	1.530224668	0.83376305	17		62.39725947	26.80277526	0.10581055			0	6.094998494			0.414581457	0.444617867	0.500084274	0.568259088	0.692657102	0.86857602	1.11038303
121		CM01_03	PM2.5	1.676174204	1.46088031	4.776321387	1.083073842	64		27.10705101	0	0			3.220161796	6.221304834			0.856486708	1.15543725	0	0	15.62033892	11.38858497	34.43064094
126		CM01_03	PM2.5	0.223489894	0.533438066	1.607122332	0.919665974	16		72.12167382	0	25.84325075			0.028173701	0.049497507			0.176496664	0.189259811	0.212969957	0.24191672	0.294752559	0.36956456	0.472453097
125		CM01_03	PM2.5	0.223489894	0.533438066	1.530224668	0.83376305	9		20.10258883	0	0			0	0.027083556			0.139199116	0.300336722	0	0	0	67.54082441	11.8899636
127		CM01_03	PM2.5	2.681878726	1.847883667	7.388578295	1.619842392	77		15.98427445	3.98574844	2.560975403			0.003303306	2.97329165			5.990228802	7.325218618	21.50208801	10.71974486	0	2.856602706	26.0985285
124		CM01_03	PM10	8.716105859	3.331319657	13.88077173	1.759117563	309		41.53671265	7.679682225	0		12.48342022	1.309888251	11.28931865			0	10.75196639	10.62529311	0	4.135590792	0	0.188125693
129		CM01_03	PM10	7.822146283	3.15586216	11.9792523	1.45990174	230		56.61693811	11.40902117	0	20.42146325		0.963867549	3.863310069			4.665741324	0	1.296345983	0	0.76330211	0	0
130		CM01_03	PM2.5	0.335234841	0.653325536	1.978417097	0.929130466	16		70.4904139	0	0			9.182203561	19.12055165			0.176007894	0.110803428	0.124314858	0.140758476	0.17059251	0.212998851	0.271356013
128		CM01_03	PM2.5	0.670469681	0.923941834	3.060449336	1.111684066	30		53.68202329	0	0			2.692808583	40.55548906			0.790341478	0.353459199	0.262508471	0.296373921	0.357579929	0.444759615	0.564658269
131		CM01_03	PM2.5	0.223489894	0.533438066	1.530224668	0.83376305	13		12.20975667	0	0			0	0.041089562			74.40335155	0	0	13.3458063	0	0	0
