Id	Area	Field	Class	Area (?m²)	ECD (?m)	Perimeter (?m)	Shape	Count	O Wt%	F Wt%	Al Wt%	Si Wt%	S Wt%	Cl Wt%	Ca Wt%	Fe Wt%	La Wt%	Ce Wt%	Pr Wt%	Nd Wt%	Sm Wt%	Gd Wt%	Dy Wt%
4		CM01_01	PM2.5	0.446979788	0.754395348	2.426609525	1.048339735	27	15.08802325	5.412273854	0.266212947			0.013332888	6.245005131		12.36871257	21.55386209	0	0	7.928990573	1.535434462	29.58815098
5		CM01_01	PM2.5	0.223489894	0.533438066	1.530224668	0.83376305	29	72.27099538	18.81812662	1.861604117			0.022280666	5.346442387		0	0	0.447478192	0.203044526	0.24741115	0.385852926	0.396757852
3		CM01_01	PM2.5	0.558724735	0.84343964	2.612256908	0.971905435	45	72.54670858	0	13.78964782			1.928666048	0		0	0	0	0	0.375205115	11.35977134	0
1		CM01_01	PM2.5	1.78791915	1.508790696	5.487058862	1.340051527	73	80.58530688	3.288181871	1.026778296			0.01654439	1.251999196		0	0	6.628675759	1.832209155	2.039625123	0	3.330675513
2		CM01_01	PM10	15.86778246	4.494829042	16.41613098	1.351498335	468	63.79843354	0	5.374616385			0	25.60397387		1.962131262	0	0	0.791417528	0	2.469423227	0
6		CM01_01	PM2.5	0.335234841	0.653325536	1.978417097	0.929130466	32	30.87579906	0.382695184	0			3.507307917	1.697710156		0	0	16.3741231	13.16361725	0	25.17157197	8.827160299
7		CM01_01	PM2.5	0.670469681	0.923941834	3.060449336	1.111684066	38	43.3362186	42.55500138	0.686905067			4.47634384	8.174549043		0.075181044	0.074224203	0.083458843	0.094689114	0.115148153	0.14417296	0.184105569
10		CM01_01	PM2.5	0.223489894	0.533438066	1.530224668	0.83376305	12	53.11633348	0	0.255860132			0.037287053	0.018926414		41.25154614	5.164315552	0	0	0.15573143	0	0
9		CM01_01	PM10	6.592951867	2.89731031	11.15976511	1.50321236	203	28.73242199	6.417385489	0		21.02470994	5.077914894	10.32143906		0	8.45964998	11.3415353	0	4.118892923	0	4.506054148
11		CM01_01	PM2.5	1.229194416	1.251023157	4.142481576	1.110940318	49	30.05827963	10.69695354	4.208947346			0	17.09998399		0	0	3.881851584	24.06268716	0	3.412278742	6.579021364
12		CM01_01	PM2.5	1.005704522	1.131593022	3.694289147	1.079894928	38	12.49843314	8.547560126	15.368177			0.007086968	0.010902077		0	0	15.24960995	13.71216476	0	28.64136696	5.96470274
15		CM01_01	PM2.5	1.340939363	1.306651072	4.142481576	1.018361958	74	42.00336039	0	0			0	0		0	6.221732125	30.13931215	2.807114273	7.49078244	6.303181499	5.034519732
14		CM01_01	PM2.5	0.446979788	0.754395348	2.612256908	1.214881794	29	31.21726811	2.423090301	0.564952241			1.578969695	0.058361917		4.968030378	12.85869032	5.907003582	2.703648619	1.026903093	29.94045615	6.752626598
17		CM01_01	PM10	6.928186708	2.970057456	9.738290157	1.089271081	296	58.95793438	0	0.974479504	38.72593939		0.0978461	0		0	0	0	0	0	0	1.243795455
18		CM01_01	PM2.5	0.446979788	0.754395348	2.164064479	0.83376305	36	53.31577063	40.98252058	4.846182838			0	0.020830045		0.074984232	0.08048843	0.090670673	0.103067153	0.125733705	0.157813856	0.201934972
19		CM01_01	PM2.5	0.335234841	0.653325536	1.978417097	0.929130466	48	0	13.65982443	0			0.004383353	0.081757421		0.957256649	2.731118351	0	0	0	10.07717028	72.48849273
23		CM01_01	PM2.5	1.340939363	1.306651072	4.065583912	0.980904789	77	15.99045843	3.068828769	2.263554558			0.382048055	1.255851798		0	0	0	0	0	9.192252904	67.84700155
22		CM01_01	PM2.5	0.446979788	0.754395348	2.164064479	0.83376305	51	27.91442573	2.695273422	0.028942077			0.012396721	0.041903165		53.44326496	9.261424094	0	6.602372229	0	0	0
20		CM01_01	PM2.5	0.558724735	0.84343964	2.612256908	0.971905435	59	36.83107197	11.70509011	0.322958361			0.423312979	18.81791055		0	0	12.47697473	16.86537266	0	1.425982639	1.13132149
24		CM01_01	PM10	6.034227133	2.771825501	11.63980959	1.786735369	220	43.69554222	9.437378496	10.13402939	20.92149854		0	0.703938399		0	0	1.683027111	13.42458874	0	0	0
26		CM01_01	PM2.5	0.782214628	0.997971241	3.060449336	0.952872057	37	34.4869107	20.01061589	0			1.06114978	11.41845137		0	0	0	6.341231614	0	2.285552584	24.39609766
29		CM01_01	PM2.5	3.128858513	1.995942481	8.733155581	1.939753774	146	71.90785408	0	8.031235635			4.37543802	5.774340034		1.21396957	0	0	0	0	3.498025239	5.199129507
25		CM01_01	PM2.5	4.246307982	2.325202624	7.574225677	1.075115512	191	58.19771886	6.922847778	0.208209618			1.716104522	10.3849262		0	0	0	0	0	22.57019877	0
27		CM01_01	PM10	6.369461974	2.847779989	13.40072725	2.243593239	273	57.52424598	0	5.047671869	30.80767393		0	1.765920967		1.695069484	0	0	3.15941982	0	0	0
31		CM01_01	PM2.5	1.117449469	1.192803778	4.065583912	1.177085747	28	51.51829123	28.02787125	4.094581679			0.012464754	0		0	0	0	0	2.421855927	13.92492801	0
32		CM01_01	PM2.5	1.45268431	1.360005555	4.328128958	1.026169907	75	39.91506994	6.555487961	21.07051611			0.143712014	1.484208088		6.993674487	11.53989732	0	0	0	12.29743138	0
34		CM01_01	PM2.5	1.676174204	1.46088031	5.858353627	1.629379133	52	36.97218299	20.05902231	3.902152181			5.626793578	0		0	0	0	4.493497685	0	22.76737988	6.178978831
38		CM01_01	PM2.5	1.676174204	1.46088031	4.513776341	0.967277432	55	69.47873235	0	4.84113805			0	14.74158019		0.344995619	1.199350972	0	0	0	8.091437072	1.30276978
37		CM01_01	PM10	14.5268431	4.300715184	15.14845135	1.257058137	521	35.0156635	0	0			0	0.031325227	41.96680784	0	0	0	1.540124696	0	8.347161859	13.0989179
43		CM01_01	PM2.5	0.223489894	0.533438066	1.530224668	0.83376305	20	37.71980703	0	0			0	4.091079161		2.994869091	13.76285851	16.1755994	25.25579333	0	0	0
41		CM01_01	PM2.5	1.676174204	1.46088031	4.590674005	1.00051566	91	39.82493579	1.684977859	10.68413705			0.005242888	3.654678166		0	0	27.45069563	6.61065802	8.753547817	0	1.33112995
42		CM01_01	PM2.5	0.558724735	0.84343964	2.612256908	0.971905435	24	0	34.6334964	59.89659429			0.074783963	0		0	0	0	0	0	5.39512448	0
44		CM01_01	PM2.5	1.78791915	1.508790696	5.224513816	1.214881794	132	55.77768087	0	0.064765476			2.879610844	9.446154535		0	0	3.416536376	0	3.019135445	0	25.39611459
46		CM01_01	PM2.5	0.223489894	0.533438066	1.530224668	0.83376305	11	36.0904336	26.04691684	0.019011491			0.028557604	0.047600517		6.944431365	13.87823671	0	0	0	16.94481373	0
45		CM01_01	PM2.5	1.229194416	1.251023157	3.87993653	0.974582929	48	70.42469978	0	0			0	0		0	1.616046578	25.50828457	2.450968139	0	0	0
47		CM01_01	PM10	15.19731278	4.398842985	15.33409874	1.23123186	579	54.1308105	0	0.711183995	40.67461491		0.344601995	2.505998313		0	1.632807776	0	0	0	0	0
