Id	Area	Field	Class	Area (?m²)	ECD (?m)	Perimeter (?m)	Shape	Count	O Wt%	F Wt%	Al Wt%	Si Wt%	S Wt%	Cl Wt%	Ca Wt%	Br Wt%	La Wt%	Ce Wt%	Pr Wt%	Nd Wt%	Sm Wt%	Gd Wt%	Dy Wt%
1		CM01_02	PM2.5	1.005704522	1.131593022	4.328128958	1.482245422	46	56.24964833	0	0			0.860800222	7.180448622		3.914578259	3.014056757	0	0	0	28.78047526	0
4		CM01_02	PM2.5	1.45268431	1.360005555	5.410161198	1.60339048	53	53.92860174	3.097864985	25.6696105			11.78785861	3.814574704		0.656866468	0.127152936	0	0.161830778	0.196540751	0.245724269	0.313378545
5		CM01_02	PM2.5	0.223489894	0.533438066	1.607122332	0.919665974	12	67.10910201	0	0			0.030576007	0.051707524		0	0	13.19030374	0	6.256050617	10.30140445	3.060861118
7		CM01_02	PM2.5	0.446979788	0.754395348	2.426609525	1.048339735	17	0	4.616772756	12.0619677			0.048520201	6.442765892		0	0	0	0	61.73831224	0	15.09166658
10		CM01_02	PM2.5	2.123153991	1.644166543	5.147616152	0.99316396	75	21.35404497	45.71191669	1.785566099			4.728480428	6.692993641		0	0	11.02986708	7.526527345	0	1.170596387	0
14		CM01_02	PM2.5	2.458388832	1.769213915	9.738290157	3.069763956	139	58.33012462	0	0			3.244940937	7.234346867		0	0	14.78761584	10.17961577	0	6.223354861	0
15		CM01_02	PM2.5	0.223489894	0.533438066	1.530224668	0.83376305	20	39.0853554	38.37187588	0			0.286145555	0.396045996		11.48054153	10.38002595	0	0	0	0	0
17		CM01_02	PM2.5	0.446979788	0.754395348	2.164064479	0.83376305	20	0	0	27.16563046			0	4.788736999		0	0.364185008	40.92398584	26.75745487	0	0	0
18		CM01_02	PM2.5	1.676174204	1.46088031	4.96196877	1.168904516	69	52.88873315	0	1.689422876			1.260110084	2.632497437		0	0.572800636	0.744506111	0.178238354	0	33.87649953	6.157190725
20		CM01_02	PM2.5	4.134563035	2.294403878	8.841905299	1.504708023	172	71.03361487	20.24487555	1.893378794			3.970446065	0		1.922933571	0.421566563	0	0	0.513184816	0	0
21		CM01_02	PM2.5	3.017113566	1.959976608	6.120898673	0.988163615	109	35.51097214	26.75787508	8.919365704			0.003170849	0		0	0	19.20620501	3.61850597	0	5.983901024	0
22		CM01_02	PM10	7.375166496	3.06436839	10.44902763	1.178067194	295	49.92040992	8.825390786	4.014757276		9.485188872	0	13.82035315		0	2.256804518	5.948730931	1.667374186	1.621788181	2.43919827	0
23		CM01_02	PM10	11.73321942	3.865125995	12.79873949	1.110982818	407	36.4746809	24.02734905	3.234685957	24.70247746		0	0		0.738329533	0	0	0	0	10.82248017	0
24		CM01_02	PM2.5	3.128858513	1.995942481	6.229648392	0.987032111	96	44.37094629	15.00296295	11.73985898			2.174663357	0.006305923		0	0	17.48287231	3.5461694	0	5.676227063	0
25		CM01_02	PM2.5	4.358052929	2.35559872	8.656257917	1.368226543	147	53.83133888	5.647461116	0			0	25.54795742		0	0	5.68148531	4.256091639	0	5.035673454	0
26		CM01_02	PM10	13.63288352	4.166284485	13.88077173	1.12468172	492	42.41213202	0.966668036	0.842820667	21.45330906		0	0	22.48041481	1.620713808	3.779204562	2.895975299	0.255776523	2.147365175	1.145624649	0
27		CM01_02	PM10	18.77315108	4.889040635	15.78229117	1.055827729	728	43.8487649	2.79661864	0.796608347	36.31855547		1.257438865	1.521877293		2.452756651	4.952132329	3.908772022	2.146482281	0	0	0
28		CM01_02	PM2.5	1.005704522	1.131593022	3.431744101	0.931857543	45	29.4536531	0	4.399452731			3.166015446	13.27774525		2.048730478	5.932244286	0	0	33.35033059	8.371817321	0
29		CM01_02	PM2.5	0.558724735	0.84343964	2.612256908	0.971905435	25	36.93599105	13.73513341	13.15026283			0.164271146	0.014734193		0	4.548544064	18.96146685	12.48959452	0	0	0
30		CM01_02	PM2.5	0.223489894	0.533438066	1.530224668	0.83376305	23	0	0	18.55610162			0	0.024700051		11.90897673	0	0	0	46.64948881	19.16752309	3.693206608
31		CM01_02	PM2.5	1.676174204	1.46088031	5.224513816	1.295873913	65	42.35479534	8.675225079	0			0	9.219157696		24.23173189	10.16449779	0	4.619447514	0.735140545	0	0
32		CM01_02	PM10	13.29764868	4.114740837	16.75557369	1.680095177	348	45.45789957	17.84722507	6.390229613			0	5.329228938		3.096839972	0	7.424009591	0	0.0185981	2.090312913	12.34565601
33		CM01_02	PM10	10.9510048	3.734066465	18.99653583	2.622315784	274	63.45809102	0	0			1.522622537	13.72506171		7.087500393	3.234329447	0.444634445	6.544091552	0	3.983674943	0
34		CM01_02	PM2.5	1.229194416	1.251023157	3.87993653	0.974582929	51	54.11612391	0	1.221252885			0	1.320919953		0.485123694	29.91265953	12.94392645	0	0	0	0
35		CM01_02	PM2.5	0.446979788	0.754395348	2.426609525	1.048339735	14	0	52.42501497	0			0	43.29555631		0.432207948	0.419488456	0.468587363	0.528615527	0.636607455	0.790841039	1.003083959
36		CM01_02	PM2.5	0.223489894	0.533438066	1.530224668	0.83376305	17	10.4303591	0	0			0.019563029	0		0	0	0	0	0	18.3385253	71.21155858
39		CM01_02	PM10	7.151676602	3.017581393	10.89722006	1.321337349	259	52.54392028	6.785631925	2.027026936			0	11.74591556		0	8.717857301	9.860744327	8.318900317	0	0	0
40		CM01_02	PM2.5	0.558724735	0.84343964	2.612256908	0.971905435	28	0	0	0			1.155581512	0		0	12.84988821	56.5456152	0	6.738591194	13.59211355	9.118203074
41		CM01_02	PM2.5	0.558724735	0.84343964	2.612256908	0.971905435	36	19.03392076	36.08309329	22.94651121			0.03520438	10.27499586		3.014525026	5.673555285	2.938195691	0	0	0	0
43		CM01_02	PM10	6.369461974	2.847779989	10.26338025	1.316037382	234	49.30105805	12.15022206	1.892815158		15.83169103	1.708368771	11.01521105		5.579218268	2.505073883	0	0	0	0.016354425	0
44		CM01_02	PM2.5	1.45268431	1.360005555	5.410161198	1.60339048	69	75.96624494	0	7.41809085			2.186624706	0		0	0	8.841457218	5.587589368	0	0	0
45		CM01_02	PM10	8.492615965	3.288333086	11.53105987	1.245911241	371	42.24689007	0	0.259612384	30.58981299		0	0		0.680047227	2.821359225	5.022680387	1.653229259	3.896929324	2.883529849	9.945907444
46		CM01_02	PM2.5	1.340939363	1.306651072	6.722886429	2.68220857	60	60.10726094	25.43388009	1.178268064			1.224063057	11.00080237		0.103885832	0.101539516	0.114166562	0.12953229	0.157522282	0.197229092	0.251852581
48		CM01_02	PM2.5	2.570133779	1.808976496	5.672706244	0.996357044	75	50.97226501	0.79454314	1.814365573			0	4.273994267		2.728149481	3.084902465	2.094709314	2.29307767	0	27.8731972	4.070793465
50		CM01_02	PM10	5.475502398	2.640383718	8.733155581	1.108430728	191	48.99308383	18.69809479	4.532426968	14.74128366		1.820850372	7.876220345		1.933408715	0	0.155221589	1.249408443	0	0	0
51		CM01_02	PM2.5	0.558724735	0.84343964	2.612256908	0.971905435	28	23.92109782	25.04542768	0.207838975			25.79567134	0.052081118		3.144039586	2.417559177	1.818580925	9.766230732	0	0	7.831472903
52		CM01_02	PM2.5	1.229194416	1.251023157	3.956834194	1.013596872	59	76.09772682	0	3.686802834			0	14.03190345		0	0	0	3.097019903	0	3.086549975	0
53		CM01_02	PM10	17.54395666	4.726273309	16.30738126	1.206232539	512	59.48679447	14.11257386	1.132265665			0	22.86075652		0	0	0.082143681	0	2.325465344	0	0
55		CM01_02	PM10	13.96811836	4.217198201	14.14331678	1.139606104	366	90.36768079	0	0			0	3.21444124		4.90154475	0	0	1.516330708	0	0	0
57		CM01_02	PM2.5	0.782214628	0.997971241	3.246096719	1.071981064	24	72.11123705	1.636922359	0			0.735163921	16.13945216		0.16239048	0.254278164	0.29571068	0.0719701	0.087740773	0.109611836	8.395525068
58		CM01_02	PM2.5	0.893959575	1.066876133	3.246096719	0.937983431	34	68.04939508	11.587511	0.193698891			3.358185291	16.10954255		0	0	0.162379164	0.092050346	0.111744076	0.157279568	0.178224419
59		CM01_02	PM2.5	2.681878726	1.847883667	6.120898673	1.111684066	75	58.5111022	0.886453409	1.203418151			0	2.939613163		0	0	2.104897425	6.145043671	0.362040033	20.85243762	6.995001435
60		CM01_02	PM2.5	2.011409044	1.600314199	5.038866433	1.004512697	87	64.02577162	0	7.338440418			0.036643413	4.002080113		0	0	0	0	0	0	24.59706515
61		CM01_02	PM2.5	3.799328195	2.199421492	6.940385866	1.008905661	129	58.64072442	0	1.438577194			0	20.81124336		1.599558629	3.307898715	8.547264338	0	0.40915045	5.24559319	0
62		CM01_02	PM2.5	1.005704522	1.131593022	3.431744101	0.931857543	52	54.50517535	27.6578933	0			0	9.592469037		0	5.653316528	2.591150068	0	0	0	0
64		CM01_02	PM2.5	0.670469681	0.923941834	3.060449336	1.111684066	39	75.66962838	0	0			0.585581828	0.03812802		2.73229517	7.3571302	0.580499088	0	0	13.03674281	0
65		CM01_02	PM2.5	2.458388832	1.769213915	5.672706244	1.041646001	92	37.71829009	36.56002581	13.52600455			2.049078979	5.264726654		0	0	0	0	0	1.381395385	3.500480205
66		CM01_02	PM2.5	0.223489894	0.533438066	1.530224668	0.83376305	20	13.31635714	0	0.010059096			0.012228302	0.333915395		56.61712885	24.76300746	0	4.94729951	0	0	0
67		CM01_02	PM2.5	0.446979788	0.754395348	2.164064479	0.83376305	42	35.07812619	16.50644392	1.539899595			0	19.3650052		1.429316681	12.66787499	5.054116249	0	0.580265699	7.778950036	0
68		CM01_02	PM2.5	1.229194416	1.251023157	4.590674005	1.364339536	44	0	30.06769717	2.315917239			0	37.23802567		0	0	0	15.0832206	15.29514045	0	0
69		CM01_02	PM2.5	1.117449469	1.192803778	3.694289147	0.971905435	50	61.51095033	0	2.03101933			0.611784868	1.189409383		0	0	0	0	0	12.92148381	21.73535228
70		CM01_02	PM2.5	2.123153991	1.644166543	5.672706244	1.206116422	70	43.24523509	19.0599978	4.619762301			0.822167192	14.59366232		4.227376729	4.459811375	7.367001474	0	1.604991406	0	0
71		CM01_02	PM2.5	0.446979788	0.754395348	2.164064479	0.83376305	18	62.53218651	5.888929218	29.04469073			0.039943238	0		0	0.265312684	0.298436754	0.33896286	0.412794482	0.517416419	0.661320705
72		CM01_02	PM2.5	1.78791915	1.508790696	6.863488203	2.096679471	102	47.8263706	5.502042174	5.095266923			0	0		0.855084136	20.01143843	0	0	0	3.204387799	17.50541031
73		CM01_02	PM2.5	1.340939363	1.306651072	4.142481576	1.018361958	66	50.96546412	4.931312799	0			0.02227541	10.69754958		0	0	9.781001508	2.609151229	0	2.818182856	18.17505658
74		CM01_02	PM2.5	2.234898938	1.68687928	5.410161198	1.042203812	71	61.23876572	15.16996026	3.496106714			0.661174813	7.165577263		0	6.706129014	4.596437514	0	0.402023224	0.315361912	0.248471182
75		CM01_02	PM10	9.38657554	3.457073787	11.08286744	1.041327252	336	45.1430589	14.49597478	0.234905002		11.50484607	0	13.41799796		4.896773025	5.146048591	0	0	4.688155651	0.472238427	0
76		CM01_02	PM10	7.263421549	3.04106487	10.89722006	1.301009082	209	71.92468047	10.68685129	0			3.230952471	13.24504763		0.054220716	0.470359996	0.387890008	0	0	0	0
77		CM01_02	PM2.5	0.893959575	1.066876133	3.87993653	1.340051527	42	79.97053862	0	0			0	1.459901407		0	0	0	14.72115666	3.639614582	0.208785292	0
