Id	Area	Field	Class	Area (?m²)	ECD (?m)	Perimeter (?m)	Shape	Count	O Wt%	F Wt%	Al Wt%	Si Wt%	S Wt%	Cl Wt%	Ca Wt%	La Wt%	Ce Wt%	Pr Wt%	Nd Wt%	Sm Wt%	Gd Wt%	Dy Wt%
1		CM02_03	PM2.5	0.335234841	0.653325536	2.164064479	1.111684066	25	36.39490008	13.46804798	2.293639071			2.52211988	0.359956268	0	0.509717781	32.87926912	11.57233715	0	0	0
2		CM02_03	PM2.5	0.223489894	0.533438066	1.530224668	0.83376305	6	82.902807	0	7.628660649			0.129141915	0.2288691	0.817823317	0.878190622	0.987601001	1.12403417	1.373084076	1.723980159	2.205808647
4		CM02_03	PM10	6.14597208	2.79737282	12.61309211	2.059883636	271	69.07078028	0	0			0.397210475	24.12744612	0	0	0	0	6.404566765	0	0
6		CM02_03	PM2.5	1.676174204	1.46088031	4.776321387	1.083073842	96	46.47643864	7.705215365	2.580739558			2.147972956	21.74959332	12.9686594	5.498895049	0	0.87248534	0	0	0
5		CM02_03	PM2.5	2.011409044	1.600314199	5.858353627	1.357815944	102	50.04796386	0	23.75874072			0	2.063378692	4.603270814	14.94759172	4.579053447	0	0	0	0
3		CM02_03	PM10	7.151676602	3.017581393	9.629540438	1.031794934	247	56.76009655	9.153922647	0.648989109			0.951709505	22.94550985	0	0	0	2.510655485	5.965907872	1.063216198	0
7		CM02_03	PM2.5	2.011409044	1.600314199	5.672706244	1.27312289	86	59.08102989	11.92614585	1.221239753			0	24.26433563	0.959226955	1.743767969	0	0.804263912	0	0	0
8		CM02_03	PM10	30.61811545	6.243732488	36.75724409	3.511539551	937	51.77490711	0	4.017918557		6.682819128	0	24.55365062	3.147344291	4.703972116	4.361184314	0	0	0	0.758217834
9		CM02_03	PM2.5	0.782214628	0.997971241	3.246096719	1.071981064	39	26.46519244	7.799510658	3.134001791			6.42523542	0.569035858	4.235330969	7.235726714	17.75458604	4.972550273	3.182505816	13.34237009	4.883963242
11		CM02_03	PM2.5	0.558724735	0.84343964	2.874801954	1.177085747	32	19.2779094	46.74681425	15.82228988			1.560114324	4.85817939	9.852101654	0	0	0	0	1.882592589	0
10		CM02_03	PM2.5	2.346643885	1.728536893	5.858353627	1.163842238	111	37.59985566	10.21325514	3.431462497			0	27.31410861	13.27068806	0	0.924985856	5.020339414	1.599054039	0.626254641	0
15		CM02_03	PM10	9.274830593	3.436434356	14.48275949	1.799644764	368	54.44253087	0	15.46174139			1.579403318	0	13.59667033	0.843800325	0	7.979147881	3.090993315	3.005707078	0
12		CM02_03	PM10	17.76744656	4.756281695	16.12173388	1.16409551	566	48.33549261	11.29806191	5.996786803	24.5605424		0	0.377290091	0.419841474	2.954133973	1.864704862	4.193130136	0	0	0
16		CM02_03	PM2.5	1.229194416	1.251023157	3.87993653	0.974582929	65	44.59766448	0	0			0	24.59712327	0	0	7.565286756	8.631830662	13.91464323	0	0.693459157
17		CM02_03	PM2.5	0.782214628	0.997971241	3.060449336	0.952872057	52	65.37426114	0	0			2.283822931	0	0.126232218	0.156293076	0	0	0	28.18286121	3.876532614
19		CM02_03	PM2.5	0.558724735	0.84343964	2.874801954	1.177085747	26	51.88806653	19.36806291	26.25750005			0.034843944	0	0	0	0.260736095	0.620839186	0.540249795	0.451945653	0.577750942
18		CM02_03	PM2.5	2.681878726	1.847883667	6.306546055	1.180141667	96	43.74238253	17.73165315	9.639234096			2.632677369	1.825885475	0	0	0	0	0	4.971462861	19.45669353
20		CM02_03	PM2.5	0.558724735	0.84343964	2.612256908	0.971905435	26	43.58341396	12.70689815	10.90578884			0.005250853	0.008656928	0	0	0	0	0.049248926	9.562072903	23.17867279
23		CM02_03	PM2.5	0.223489894	0.533438066	1.530224668	0.83376305	17	27.8794229	0	0			0.099383318	0	4.699996859	0	0	31.77902699	23.29491377	8.256855607	3.99040319
25		CM02_03	PM2.5	3.352348407	2.065996747	6.754738484	1.083073842	130	41.64361358	4.812501743	5.612110347			0	12.2002393	0	0	9.146075696	26.58545673	0	0	0
22		CM02_03	PM2.5	0.558724735	0.84343964	2.612256908	0.971905435	32	80.72023988	0	3.888031468			0	13.08321953	0.055813976	1.886040159	0.366654876	0	0	0	0
24		CM02_03	PM2.5	0.782214628	0.997971241	3.060449336	0.952872057	23	71.42881155	0	2.963089198			0	9.869953245	0	0	0	15.73814452	0	0	0
26		CM02_03	PM2.5	0.223489894	0.533438066	1.530224668	0.83376305	22	42.78877974	8.684865385	0.067970756			0.0077239	17.88414568	0	0.215199427	18.20945144	12.14184761	0	0	0
27		CM02_03	PM2.5	4.134563035	2.294403878	7.75987306	1.158963483	144	50.43388605	1.526740286	0.279805949			0	8.675079793	0	0	9.439001977	17.18077213	3.679817542	0	8.78489688
28		CM02_03	PM2.5	4.581542823	2.415243569	10.10958492	1.775190787	173	66.01668	3.678539768	2.073351666			2.872989886	18.61255914	0	1.362445578	3.127785027	0.524149975	1.731505059	0	0
30		CM02_03	PM2.5	0.446979788	0.754395348	2.426609525	1.048339735	33	64.0822351	0	2.865807526			16.20591879	0	0	7.411926985	9.434115142	0	0	0	0
29		CM02_03	PM10	5.475502398	2.640383718	8.470610535	1.042786957	236	56.83752298	0	0			0	28.77928615	0	0	0	0	0	10.53411588	3.849069029
32		CM02_03	PM2.5	0.782214628	0.997971241	3.771186811	1.446839294	46	82.47443438	0	0			4.33851406	12.70568967	0.133125961	0.040335127	0.041392475	0.046942628	0.05704966	0.071392924	0.091126526
34		CM02_03	PM2.5	1.564429257	1.411344463	4.96196877	1.252397696	47	35.77513397	6.840721518	0			0	15.14766514	10.21467224	32.02179968	0	0	0	0	0
33		CM02_03	PM2.5	0.335234841	0.653325536	2.240962143	1.192092698	19	52.41532326	0	12.60736585			0.014453827	0.023834992	0.167761312	2.944506891	0	0	0	31.8267554	0
35		CM02_03	PM2.5	0.893959575	1.066876133	3.246096719	0.937983431	66	53.38189006	20.46724856	6.09636344			3.061711602	0	0	0	0	9.869141132	1.499958616	3.92263867	1.701051742
38		CM02_03	PM2.5	0.558724735	0.84343964	2.612256908	0.971905435	17	37.05844581	34.06854868	15.2977556			0.017497616	7.578936964	0	0	0	0	5.978816748	0	0
37		CM02_03	PM2.5	1.676174204	1.46088031	4.699423723	1.048480103	74	83.77271891	0	0			0.783691742	7.286635786	0	0	0	0	8.156961948	0	0
42		CM02_03	PM2.5	0.335234841	0.653325536	1.978417097	0.929130466	17	0	4.742080346	91.3906455			0	0.100648485	0.34541958	0.368694146	0.413170969	0.467567891	0.566123426	0.706364354	0.899283774
43		CM02_03	PM2.5	0.223489894	0.533438066	1.530224668	0.83376305	13	42.3853457	0	22.69055992			0.034209734	0.056335912	9.04469043	13.81356567	11.97529063	0	0	0	0
46		CM02_03	PM2.5	0.223489894	0.533438066	1.530224668	0.83376305	6	4.088803381	0	8.328612894			0.070733484	81.52213693	0.863086618	0.571571523	0.634439383	0.711493753	0.848322082	1.04501443	1.315778308
45		CM02_03	PM2.5	0.223489894	0.533438066	1.530224668	0.83376305	25	91.49916768	0	0.481424807			0.021114158	5.544134602	0	0.577736879	0.769425929	0.194029952	0.236463244	0.296832342	0.379667222
48		CM02_03	PM2.5	2.234898938	1.68687928	5.410161198	1.042203812	109	30.17923832	33.52297843	19.09897178			1.673958264	0	0	0	0	0	3.846633434	11.67821884	0
49		CM02_03	PM2.5	1.676174204	1.46088031	5.224513816	1.295873913	78	35.53916514	23.60985279	18.34017485			0	2.361153811	1.666938886	2.259000391	0	0	0	0	16.22371078
52		CM02_03	PM2.5	0.223489894	0.533438066	1.607122332	0.919665974	16	26.73602402	8.779613674	22.28916436			0.025307297	25.01164079	10.27938277	3.710883111	0.606559869	1.873472519	0.265502604	0	0.422459422
51		CM02_03	PM2.5	0.782214628	0.997971241	3.322994383	1.123371539	36	64.07146454	0	14.56830502			0	2.999795601	4.377531633	0	0	13.98289651	0	0	0
50		CM02_03	PM2.5	0.223489894	0.533438066	1.530224668	0.83376305	8	0	17.31053591	0.239541894			18.86985302	0.032402651	0	0	35.59504747	27.95262337	0	0	0
54		CM02_03	PM2.5	1.676174204	1.46088031	6.274694	1.86920135	67	42.02945232	0	1.219026465			0	16.24867618	0	0	6.079437211	3.966819122	5.708559975	0	24.7480303
55		CM02_03	PM2.5	0.558724735	0.84343964	2.612256908	0.971905435	40	72.0664978	0	0			1.666015759	1.774273813	7.592713833	0	0	0	0	16.90049469	0
56		CM02_03	PM10	5.587247345	2.667190332	8.918802963	1.132936	209	46.14102244	0	1.366168261			0	37.85510063	0	0	0.217713928	11.98030934	0	2.439684235	0
53		CM02_03	PM2.5	0.893959575	1.066876133	3.246096719	0.937983431	44	62.93169856	22.90170193	3.497735038			0	10.26022956	0.108980725	0.033434996	0.035728075	0.040540591	0.049314002	0.061758724	0.078879006
57		CM02_03	PM2.5	2.793623673	1.88598837	5.858353627	0.97762748	84	54.63631153	1.64275188	9.187375009			0	0	0	0	0.719137117	8.082161099	2.313371375	3.548993915	19.86989975
58		CM02_03	PM2.5	0.782214628	0.997971241	3.246096719	1.071981064	50	66.39292836	17.13648289	0			0.986930728	13.75647634	0	0	0	0	0	1.727178693	0
61		CM02_03	PM2.5	0.558724735	0.84343964	2.612256908	0.971905435	23	43.68366897	24.0750894	4.259259999			0.009460969	0.015899542	0	0.426408695	1.444019563	0.453762384	3.069141321	0	22.56329358
63		CM02_03	PM2.5	2.011409044	1.600314199	6.120898673	1.482245422	102	44.56399083	0	0			0	0.446627894	0	0	0	0	0.502124615	35.51619053	18.97106469
62		CM02_03	PM2.5	3.128858513	1.995942481	6.754738484	1.160436259	139	52.88926959	3.44250612	10.68275422			0	0	5.879830196	0.999735855	5.066459626	8.900497854	0	0	12.13894263
65		CM02_03	PM2.5	0.446979788	0.754395348	2.426609525	1.048339735	25	59.93067026	26.33509338	5.596786365			0.010368996	7.365455478	0.069295726	0.073703384	0.082921202	0.094131532	0.114575471	0.143563387	0.183439942
66		CM02_03	PM2.5	3.017113566	1.959976608	7.202930912	1.368412324	138	65.69176912	4.996217787	0.801832415			0	28.51018906	0	0	0	0	0	0	0
67		CM02_03	PM2.5	0.558724735	0.84343964	2.612256908	0.971905435	38	52.62730122	4.494878277	2.76860781			0.038780874	20.0524196	0	0	9.093691409	3.073998541	2.595975623	0	5.254350603
68		CM02_03	PM2.5	0.223489894	0.533438066	1.530224668	0.83376305	11	44.16553378	0	3.294761479			0.010068231	0	0	0	6.740780175	45.7888484	0	0	0
