Id	Area	Field	Class	Area (?m²)	ECD (?m)	Perimeter (?m)	Shape	Count	O Wt%	F Wt%	Na Wt%	Al Wt%	Si Wt%	Cl Wt%	Ca Wt%	Fe Wt%	Br Wt%	La Wt%	Ce Wt%	Pr Wt%	Nd Wt%	Sm Wt%	Gd Wt%	Dy Wt%
3		CM03_02	PM2.5	0.335234841	0.653325536	2.240962143	1.192092698	40	89.74632025	0		8.328808099		0.025592223	0.046195174			0.166340452	0.178595411	0.201161578	0.228752173	0.279195281	0.350500038	0.448544649
1		CM03_02	PM2.5	1.005704522	1.131593022	3.87993653	1.191156913	41	45.47776878	12.02302948		9.713929147		1.075958181	0.030740444			0	0	0.347847259	0	0	3.82046029	27.51025856
2		CM03_02	PM2.5	0.446979788	0.754395348	2.164064479	0.83376305	9	40.92444479	34.03144479		0.322737684		0	11.46585569			1.767996326	3.898407891	1.415180601	1.084211189	1.319037471	1.656035334	2.11463552
5		CM03_02	PM10	8.492615965	3.288333086	11.53105987	1.245911241	290	54.51379418	5.587041751		0.853206404		1.949975453	20.6639424			1.775187068	8.693130314	0.169993157	0	3.810264543	1.983459108	0
6		CM03_02	PM2.5	1.564429257	1.411344463	4.590674005	1.071981064	90	55.01688719	23.70176464		16.12527966		0	0.285437889			0	0	0	0.587234646	0	4.283393547	0
8		CM03_02	PM2.5	1.005704522	1.131593022	3.694289147	1.079894928	50	31.44010901	6.262600422		0		0	6.294443458			1.848924719	2.779629268	0	0	33.11381638	14.27524984	3.98523137
7		CM03_02	PM2.5	3.352348407	2.065996747	7.574225677	1.361812981	116	24.71236736	38.66950274		6.754609942		0	0			0	0	0	0	0	29.8635155	0
9		CM03_02	PM2.5	1.45268431	1.360005555	4.142481576	0.940026423	60	62.26671934	0		1.496198215		5.663071945	0			0	0	0	0	0	7.482878119	23.09113592
11		CM03_02	PM2.5	0.446979788	0.754395348	2.426609525	1.048339735	34	35.54899395	33.38174224		15.61784148		8.660774678	0.122977723			3.502100706	3.165566176	0	0	0	0	0
10		CM03_02	PM10	17.32046677	4.696073171	16.49302864	1.249773669	657	44.09624338	6.868369132		2.872195654	10.81456617	0	0.977336708		16.79434776	3.253458813	5.034385249	0	0	0	2.667001635	6.622101367
12		CM03_02	PM2.5	1.45268431	1.360005555	5.487058862	1.649294187	82	24.17121679	27.47387886		0.119874231		1.3869958	21.17635906			12.48575002	13.18592727	0	0	0	0	0
13		CM03_02	PM2.5	3.352348407	2.065996747	7.01728353	1.168904516	131	66.35617614	0		18.88222098		2.011392079	0.123688858			1.536267716	5.778567865	0	0	0	5.311689153	0
15		CM03_02	PM2.5	0.223489894	0.533438066	1.530224668	0.83376305	8	79.11545038	17.53989458		0		0.044125417	0.08002221			0.288582477	0.310009904	0.349154579	0.397326332	0.48540202	0.609634537	0.780399051
14		CM03_02	PM2.5	1.78791915	1.508790696	4.776321387	1.015381726	63	34.00804996	18.03496629		6.225271523		2.431426384	1.48496395			10.83876938	22.63666838	0	0	0	4.33989428	0
16		CM03_02	PM2.5	0.335234841	0.653325536	2.240962143	1.192092698	24	93.44342351	0		0		0	4.532561451			0	0	0.548212742	0.242939941	0.296246004	0.46106209	0.475551141
18		CM03_02	PM2.5	1.676174204	1.46088031	5.038866433	1.205415236	78	56.87863827	27.40801573		1.549882535		1.710510626	11.5846239			0	0	0	0.868328009	0	0	0
20		CM03_02	PM2.5	0.446979788	0.754395348	2.164064479	0.83376305	47	52.3753643	8.08904171		2.736338973		0.027722135	8.81510675			0.40426082	0	0.549373403	7.664159685	3.239062056	12.67978549	3.419780731
19		CM03_02	PM2.5	0.446979788	0.754395348	2.426609525	1.048339735	30	17.16228724	0		0.600662036		0.03397112	0			0	0	0	0	0	70.50585151	11.69723347
21		CM03_02	PM2.5	0.670469681	0.923941834	2.79790429	0.929130466	34	56.98734522	28.33294868		0		0	0.025331596			0	0	0.438899687	0	14.21547383	0	0
22		CM03_02	PM2.5	1.340939363	1.306651072	4.776321387	1.353842302	34	34.26332474	16.24813676		0		1.363079157	29.74418402			0	0	0	4.814578965	5.789869279	7.776819915	0
23		CM03_02	PM2.5	1.229194416	1.251023157	4.776321387	1.476918875	43	31.24333918	31.6069454		15.59417248		0.714571076	8.510714769			7.969114184	4.187732935	0	0.173411716	0	0	0
24		CM03_02	PM2.5	1.005704522	1.131593022	3.431744101	0.931857543	49	32.33901858	0		7.072601467		1.222178433	0.477808155			0	0	8.083473891	1.445086859	30.02109528	19.33874041	0
26		CM03_02	PM2.5	0.893959575	1.066876133	3.694289147	1.214881794	29	51.3538897	0		0		0.008248375	0			0.829647295	0	0	0	33.52741599	11.70005426	2.580750547
28		CM03_02	PM2.5	0.670469681	0.923941834	2.79790429	0.929130466	16	64.95792866	0		0		0.029963301	0.050734443			10.63697711	5.413737148	3.426488861	15.48417062	0	0	0
27		CM03_02	PM10	52.74361494	8.19483107	46.20113715	3.220516835	1656	24.48778003	9.328373522		3.057880327	5.443100631	0.204532617	1.274783816	42.40685105		4.296408221	4.109424353	0	0	1.171339769	0	4.219536111
29		CM03_02	PM2.5	0.670469681	0.923941834	2.79790429	0.929130466	21	41.00984931	39.45989013		5.018870533		0.236971583	0			0	4.406352714	2.214721963	0	7.653348148	0	0
31		CM03_02	PM2.5	0.558724735	0.84343964	2.612256908	0.971905435	15	48.78344536	0		1.515779458		0.013273506	0.021648387			0	0	0	49.66585636	0	0	0
32		CM03_02	PM2.5	3.911073142	2.231531534	12.50434239	3.181382678	197	36.22803688	8.477313071		0.46861819	24.44643825	0.123799162	1.173447724			4.353058338	6.699761748	0	0	0	8.565364778	9.464155883
33		CM03_02	PM10	40.00469099	7.136914918	41.08537305	3.357791189	1562	53.95185947	2.449599467	5.54574281	8.791273832	26.06657743	0.397808803	0.795824267			0	0	0	0	2.00132709	0	0
35		CM03_02	PM2.5	1.899664097	1.555225852	5.038866433	1.063601679	73	28.92841399	4.598075524		0		0	6.393228471			0.07220215	0.429104269	20.56117207	2.664803155	23.05139452	6.968788803	6.332819909
34		CM03_02	PM2.5	0.223489894	0.533438066	1.530224668	0.83376305	27	16.52470231	9.738574177		0		14.27013278	18.96043718			0	0	1.73727721	0	8.876106143	29.89276648	0
36		CM03_02	PM2.5	0.670469681	0.923941834	3.060449336	1.111684066	20	59.03679729	31.53730929		7.080899924		0.031498884	0.056452106			0.202773022	0.2176621	0.245092739	0.278670457	0.340034207	0.426776148	0.546040246
37		CM03_02	PM2.5	3.799328195	2.199421492	7.202930912	1.086680375	144	45.82006633	27.02973187		1.914037392		0	14.17842358			0	0	0	2.852257155	0	0	8.205486089
38		CM03_02	PM2.5	0.893959575	1.066876133	3.508641765	1.095847984	61	79.16243076	0		4.086516798		7.763428241	2.3125723			0	0	6.675051898	0	0	0	0
39		CM03_02	PM2.5	2.681878726	1.847883667	6.120898673	1.111684066	109	19.24877316	0		0		0.795547012	0.887184218	56.75224066		7.754663378	13.96313012	0.598469144	0	0	0	0
41		CM03_02	PM2.5	0.223489894	0.533438066	1.530224668	0.83376305	12	0	0		1.331643108		0.009692298	0.014172008			10.39334685	18.05754304	42.85271764	6.391489506	9.967216104	5.245261639	5.736924335
40		CM03_02	PM2.5	0.893959575	1.066876133	3.246096719	0.937983431	37	36.07255816	27.55470276		3.950355947		1.809971966	0.99910805			0	0	0	26.30147338	3.311838582	0	0
42		CM03_02	PM10	10.28053512	3.617952992	15.22534902	1.794357313	360	63.41650486	6.440102309		0		0	21.92848623			0	0	0	0	0	8.214906603	0
45		CM03_02	PM2.5	2.011409044	1.600314199	8.09931577	2.595293027	81	86.99493408	0		0		0.063525507	4.28674221			1.29779689	1.961213164	0	0	0	5.395795405	0
46		CM03_02	PM2.5	0.893959575	1.066876133	3.508641765	1.095847984	32	9.609676152	0		0		4.415947571	25.99904835			0	0	14.22683448	7.412403822	0	3.537037224	34.79906321
47		CM03_02	PM2.5	0.558724735	0.84343964	2.612256908	0.971905435	14	22.24945426	0		0		0.042511677	2.753730863			9.949824214	8.368854225	0	0	0	21.09061927	35.54500937
48		CM03_02	PM10	16.98523193	4.650405248	20.00167041	1.874352145	470	19.92951185	4.36113216		2.030605637		0.565545261	3.240921721	55.61316013		0	0	0	2.163782343	0	2.105946094	9.989401698
50		CM03_02	PM2.5	1.117449469	1.192803778	3.694289147	0.971905435	46	39.98001218	17.70656258		5.748153478		0	0			0	7.724376023	20.91573477	7.283980399	0	0	0.641188631
51		CM03_02	PM2.5	0.558724735	0.84343964	2.612256908	0.971905435	24	0	34.27067697		0		0.18927193	16.8955937			0	9.546498209	0	0	0	0	39.09794986
52		CM03_02	PM2.5	0.670469681	0.923941834	2.79790429	0.929130466	47	64.71170783	0		0		12.41335645	0			14.4489333	0	0	0	0	8.197434992	0.228562905
53		CM03_02	PM2.5	2.234898938	1.68687928	5.410161198	1.042203812	85	44.22537088	0		0		0	0			0	0	0	7.325556874	0	5.535823107	42.91324914
54		CM03_02	PM2.5	2.123153991	1.644166543	5.224513816	1.023058353	101	17.80658215	0		16.21209383		4.106271639	25.3077805			0	0	0	0	3.503076732	4.200766608	28.8634181
57		CM03_02	PM2.5	0.558724735	0.84343964	2.612256908	0.971905435	19	20.62313259	7.244952768		10.0235261		0.08789681	0.297661754			0	29.24936712	26.24582648	5.615413934	0	0	0.612228224
58		CM03_02	PM2.5	1.117449469	1.192803778	3.87993653	1.072041222	44	11.32621542	33.52996111		11.41483784		0	0.109360961			0	0	0	0	0	7.136223465	36.48339808
55		CM03_02	PM2.5	0.223489894	0.533438066	1.530224668	0.83376305	17	92.07239151	0		0		0.635893689	0.087263249			0	4.944473505	0	0	2.259977348	0	0
59		CM03_02	PM2.5	0.558724735	0.84343964	2.612256908	0.971905435	26	64.48463798	0		0.373069267		17.67260879	15.79106003			0.153754104	0.164182729	0.184102927	0.208372017	0.252345041	0.314896926	0.40097842
60		CM03_02	PM2.5	1.229194416	1.251023157	4.142481576	1.110940318	69	72.95396328	0		3.519910946		0	0			0	2.620895021	14.28893059	6.61631152	0	0	0
61		CM03_02	PM2.5	1.45268431	1.360005555	4.853219051	1.29026429	50	31.4234972	21.5946883		0		5.072203279	1.905739866			3.804736584	10.77913642	7.153300196	1.800007746	8.535098284	0	7.93158859
64		CM03_02	PM2.5	1.229194416	1.251023157	4.142481576	1.110940318	39	70.26808262	0		0		0	26.01317465			0	0	0	0	3.718752041	0	0
63		CM03_02	PM2.5	1.676174204	1.46088031	4.776321387	1.083073842	78	82.83814788	0		0		0	4.282421246			0	0	0	0	3.126816452	8.960723877	0.791891571
65		CM03_02	PM2.5	0.670469681	0.923941834	2.79790429	0.929130466	38	11.9890891	14.44969028		1.623022184		14.52372223	10.85420549			0	11.69231012	11.23467609	23.63329828	0	0	0
66		CM03_02	PM2.5	0.893959575	1.066876133	3.246096719	0.937983431	38	43.76458824	0		0		0	0			0.417965138	1.379015297	0	0	0	10.8753711	43.56305897
67		CM03_02	PM2.5	1.340939363	1.306651072	4.142481576	1.018361958	58	53.83296609	27.76244283		0.305554899		0.464766752	14.51354176			0	0.037264513	0	0	0	0	3.083463386
68		CM03_02	PM10	24.36039843	5.569256916	34.74697494	3.944025834	805	52.76418924	0		2.902677469	26.1306107	1.508925669	0			6.490411609	3.058577329	0	4.291470721	0.513600372	0.364277232	1.975255646
72		CM03_02	PM2.5	0.223489894	0.533438066	1.530224668	0.83376305	14	59.17959809	0		18.70756447		0.01462378	20.9623903			0	0	0.372636528	0.132915098	0.16098601	0.213344279	0.255940668
73		CM03_02	PM2.5	0.223489894	0.533438066	1.530224668	0.83376305	10	25.66444874	4.419375211		14.16205019		0.013223059	0.021126964			30.47623634	23.2994929	0	1.94404535	0	0	0
74		CM03_02	PM10	8.939595752	3.373758561	12.79873949	1.458164949	308	47.99610674	16.36266857		9.832852334		1.650910638	0			10.08077487	1.31329	1.608782634	0.187236967	0	10.96738726	0
75		CM03_02	PM2.5	2.458388832	1.769213915	5.595808581	1.013596872	93	62.26698756	0		0.066844496		0	19.77062076			0	10.29165238	4.241478071	0	0.427245395	0	2.935161628
77		CM03_02	PM2.5	2.90536862	1.923338301	8.284963152	1.880052846	96	18.14863831	17.00716317		20.99133581		0.543327071	0			3.511383757	20.51782906	6.375674903	12.90464252	0	0	0
79		CM03_02	PM2.5	0.446979788	0.754395348	2.612256908	1.214881794	36	24.69631582	0		2.104733884		0	0			36.16795838	0	6.071035564	23.67134839	7.288601249	0	0
