Id	Area	Field	Class	Area (?m²)	ECD (?m)	Perimeter (?m)	Shape	Count	O Wt%	F Wt%	Al Wt%	Si Wt%	Cl Wt%	K Wt%	Ca Wt%	Br Wt%	La Wt%	Ce Wt%	Pr Wt%	Nd Wt%	Sm Wt%	Gd Wt%	Dy Wt%
3		CM03_01	PM2.5	0.335234841	0.653325536	2.164064479	1.111684066	20	79.42005396	0	19.38992739		0.047451735		1.142569445		0	0	0	0	0	0	0
4		CM03_01	PM2.5	0.223489894	0.533438066	1.530224668	0.83376305	8	94.6696043	0	0		0.070388208		0.127519586		0.459537841	0.493803853	0.555970846	0.632999744	0.773778604	0.972009636	1.244389359
5		CM03_01	PM2.5	2.234898938	1.68687928	5.672706244	1.145810601	61	43.9219743	0	17.49694645		3.693130612		2.139955759		0	10.33147424	13.22234124	0	0	0	9.194169194
1		CM03_01	PM2.5	1.564429257	1.411344463	4.328128958	0.952872057	77	17.15148836	17.65542626	7.884798199		0.003161728		3.47735621		0	12.7109915	23.36953431	5.913421884	0	11.83383018	0
2		CM03_01	PM2.5	3.575838301	2.133752265	6.67784082	0.992394593	168	57.60378242	7.675224543	4.613745958		0		2.445316873		11.21858284	3.650607541	0	1.828293316	0.385509524	0	10.57894155
7		CM03_01	PM2.5	0.223489894	0.533438066	1.530224668	0.83376305	10	55.4972589	0	0.805804133		0		0		10.04861593	6.760478765	3.575131297	4.059572518	4.975759983	6.269065291	8.008313179
12		CM03_01	PM2.5	3.464093354	2.100147767	6.940385866	1.106541693	153	35.02863646	8.562965691	19.11294311		0.950135291		2.340046875		0	10.07494777	6.653801352	1.804812066	0	12.34178841	3.129920363
11		CM03_01	PM2.5	4.69328777	2.444520318	9.552642774	1.547248345	188	47.71292508	0	37.70677447		0.236883247		0		5.819302797	0	0	0	8.524116874	0	0
15		CM03_01	PM2.5	0.893959575	1.066876133	3.87993653	1.340051527	45	45.14200985	0	0		0.072573719		9.218040854		20.35371214	3.54979299	0	0	0	11.58242747	10.08144319
16		CM03_01	PM2.5	0.446979788	0.754395348	2.164064479	0.83376305	34	61.27181053	0	0.951073412		0.072086928		13.16995174		0	0	0.233872351	6.786949933	10.99768057	0	6.516584754
19		CM03_01	PM2.5	0.782214628	0.997971241	3.246096719	1.071981064	49	45.99800408	44.11655962	5.124884844		1.898550056		2.023055404		0.075590331	0.08107379	0.091269764	0.103676645	0.126331719	0.158428086	0.202574953
17		CM03_01	PM10	14.07986331	4.23403339	13.4325793	1.019789471	581	39.48252499	4.117806256	1.174097788	37.82527447	0		0		2.431872301	2.009874769	0	0	0	3.625730053	9.332819283
18		CM03_01	PM2.5	0.223489894	0.533438066	1.530224668	0.83376305	13	64.01392221	0	4.093049467		0.029342069		0.04980776		8.405412734	12.71524578	10.69321632	0	0	0	0
21		CM03_01	PM2.5	1.229194416	1.251023157	4.328128958	1.212746254	44	9.346096218	3.156691045	14.96006846		0.006912962		0		6.418127567	23.31187576	17.63240993	20.7198441	4.447986558	0	0
20		CM03_01	PM2.5	1.340939363	1.306651072	4.328128958	1.111684066	56	25.85643232	33.88308883	0.621650554		0.077411742		0		5.499011278	0.044959434	0	0	0	0	34.01745558
22		CM03_01	PM2.5	0.335234841	0.653325536	1.978417097	0.929130466	22	54.73783016	0	0		7.598055899		7.252242416		9.642266482	20.76960206	0	0	0	0	0
23		CM03_01	PM2.5	0.446979788	0.754395348	2.874801954	1.471357183	15	0	22.19779342	1.195538696		0.042924314		0.066087506		35.482499	26.16386414	0	0	0	12.13122234	2.720065974
24		CM03_01	PM2.5	0.558724735	0.84343964	2.612256908	0.971905435	32	36.98660731	0	0.296352967		0.005692889		0.031752017		24.79229271	6.46205917	0	0	26.09410286	4.574409872	0.756727019
27		CM03_01	PM2.5	0.223489894	0.533438066	1.530224668	0.83376305	12	4.277833179	6.730513275	0		0.022869217		0.034500044		26.20406151	51.86469555	0	0	5.003468692	3.17556411	2.686499059
26		CM03_01	PM2.5	1.564429257	1.411344463	4.590674005	1.071981064	78	25.91061592	6.503039598	4.439730942		0.409267424		0		13.79332542	28.53987813	7.06582889	0	7.377821207	5.643958971	0.316532026
25		CM03_01	PM10	15.64429257	4.463063068	24.62419647	3.084312272	576	52.34977603	16.34534895	4.125648737	15.21445364	0.306447945		5.315824971		0	0	0	0	0	6.342497468	0
28		CM03_01	PM2.5	0.446979788	0.754395348	2.426609525	1.048339735	20	3.904816136	0.617608195	29.54162955		0.029763547		27.54615843		0	0	22.39932269	0	2.881525271	8.877052367	4.202116653
29		CM03_01	PM2.5	1.117449469	1.192803778	4.142481576	1.22203435	75	99.7199595	0	0		0		0		0	0	0.131038204	0.149000552	0	0	0
30		CM03_01	PM2.5	1.676174204	1.46088031	4.590674005	1.00051566	73	28.9760083	0	9.102141857		0.030987055		0.09855479		13.67667764	26.20539665	9.055089951	12.74003088	0	0	0.115105486
32		CM03_01	PM2.5	0.446979788	0.754395348	2.164064479	0.83376305	18	32.04949498	4.768656567	5.594014749		1.169475261		1.301729772		3.839701042	15.39569348	15.27443826	16.57442451	2.840434946	0	1.191931404
34		CM03_01	PM2.5	0.223489894	0.533438066	1.530224668	0.83376305	16	10.62758863	0	0		0		0.159367651		0.088983186	10.2323316	0	0	57.75322914	16.87984169	4.258657619
35		CM03_01	PM2.5	0.223489894	0.533438066	1.530224668	0.83376305	16	93.89271736	0	0		0.082924642		0		0.539314887	0.579567766	0.652416237	0.742923841	0.908300094	1.141042914	1.460790168
33		CM03_01	PM10	8.045636177	3.200628398	10.37212997	1.064058845	262	33.4489733	10.25744006	13.0117476	20.81756294	0.819775648		1.273876429		3.237669542	10.06730646	7.06564337	0	0	0	0
36		CM03_01	PM2.5	1.899664097	1.555225852	5.410161198	1.226122132	46	63.19339871	0	26.17303729		0		0.013297722		0	0	0	10.62026247	0	0	0
38		CM03_01	PM2.5	0.558724735	0.84343964	2.612256908	0.971905435	37	39.29938078	19.74146366	37.53664494		0.297729834		1.044000871		0.188509352	0.20188177	0.226926408	0.257489085	0.313160662	0.392112648	0.500707421
37		CM03_01	PM2.5	1.005704522	1.131593022	3.87993653	1.191156913	48	0	42.62321889	33.06227326		0		0.039226131		2.832263894	0	0	0	12.82511353	0	8.617902547
43		CM03_01	PM2.5	1.117449469	1.192803778	3.694289147	0.971905435	39	42.05534458	0	0		0.391687034		0.066134962		12.23686263	34.46782827	9.77499336	0	0	0	1.007153932
47		CM03_01	PM2.5	0.446979788	0.754395348	2.426609525	1.048339735	31	48.1428951	0	0.801774487		0.008725843		1.34294685		1.689702459	4.900199175	0	0	31.99895322	9.185880423	1.92892421
45		CM03_01	PM2.5	0.223489894	0.533438066	1.530224668	0.83376305	31	55.70843816	0	30.28702736		0.014259637		0.024127169		0	0	0	0	0.430125836	13.53601366	0
42		CM03_01	PM2.5	0.670469681	0.923941834	2.79790429	0.929130466	27	52.94285417	0	0.112461357		0.012596801		0.02073927		2.678966522	5.659549311	0	38.57283294	0	0	0
41		CM03_01	PM10	51.17918568	8.072382739	28.95232542	1.303357837	1827	50.96288919	0	17.50952154	22.21905738	0	9.076628089	0.124170689		0	0	0	0.107729761	0	0	0
44		CM03_01	PM2.5	1.564429257	1.411344463	4.590674005	1.071981064	88	41.12218618	0	0	37.12017834	0		2.258597314		10.93861088	2.050834708	0	1.37361018	0	0	5.135990307
46		CM03_01	PM2.5	0.335234841	0.653325536	1.978417097	0.929130466	9	28.35529149	0	0		0		0.082022871		0	0	29.19451892	4.183166102	0	38.18499744	0
49		CM03_01	PM2.5	3.352348407	2.065996747	7.01728353	1.168904516	157	63.44393492	6.10913001	15.94461501		0		7.366582751		0	0	0.88232439	2.273937128	0	0	3.979483619
50		CM03_01	PM2.5	0.782214628	0.997971241	3.956834194	1.592795084	53	44.88664865	27.52918899	10.70741341		0		1.051787101		2.143021487	8.708779514	4.973170161	0	0	0	0
51		CM03_01	PM2.5	1.340939363	1.306651072	4.328128958	1.111684066	39	68.68639588	0	9.488582611		6.720411777		5.167940632		4.36418131	0	0	0	0	5.572485924	0
53		CM03_01	PM2.5	2.793623673	1.88598837	9.475745111	2.557696292	88	75.46228766	0	8.297262341		0.13655019		0		0	0	0	0	0	5.151338875	10.95255911
54		CM03_01	PM2.5	0.782214628	0.997971241	3.060449336	0.952872057	36	73.15989137	18.60407442	2.060978115		0.639713602		0.015804599		0.611744821	0.726136938	0	0	0	4.181659967	0
56		CM03_01	PM2.5	0.335234841	0.653325536	1.978417097	0.929130466	21	25.73831677	0	0.856060907		0		0.010209786		7.689224929	13.40696961	31.93355799	4.781588167	7.47031495	3.87923196	4.234526306
57		CM03_01	PM2.5	0.335234841	0.653325536	2.164064479	1.111684066	19	63.61904144	33.31862986	0.322956359		0.037200193		0		0.2423089	0.260242866	0.293106656	0.333452527	0.407218095	0.511350064	0.654501468
58		CM03_01	PM2.5	0.335234841	0.653325536	2.164064479	1.111684066	16	36.97295785	36.79492772	12.17397451		0.022862246		0.534085976		1.507614926	1.782120019	0	0	0	10.21144465	0
59		CM03_01	PM2.5	3.464093354	2.100147767	7.913668387	1.438653624	98	39.88396227	2.695993707	1.385779306		0		15.91025591		7.810172439	5.006827042	4.874044657	0	7.741633803	7.546145469	7.145185024
60		CM03_01	PM2.5	0.446979788	0.754395348	2.79790429	1.393695698	25	60.31451225	0	32.55513012		0		5.85757941		0	0	0.171105948	0.194070558	0.235838466	0.295100827	0.376670016
61		CM03_01	PM10	7.822146283	3.15586216	13.50947697	1.856698014	329	58.79145861	0	5.278521404	22.07738608	4.356659576		1.331487019		0	0	2.485068142	5.059681088	0	0	0.619746372
62		CM03_01	PM10	40.33992583	7.166755807	35.15012176	2.437298426	1096	70.44243813	0.769854011	5.343727395	12.6552403	0		4.307898879		1.807707734	3.461309522	1.211822405	0	0	0	0
63		CM03_01	PM2.5	0.223489894	0.533438066	1.530224668	0.83376305	5	0	3.948609903	0.097840501		0.024842008		0.036280035		0	0	27.91089118	34.80574191	20.14568299	9.700316936	3.329799697
65		CM03_01	PM2.5	0.223489894	0.533438066	1.530224668	0.83376305	17	48.56012464	0	16.20742083		0.017793635		1.29556125		2.817494795	0	5.848164484	11.68535501	13.56808692	0	0
67		CM03_01	PM2.5	1.45268431	1.360005555	4.590674005	1.154441146	64	61.95837855	0	25.15529692		0		0		7.046759874	0	0	4.063235223	1.681185141	0.095148262	0
64		CM03_01	PM10	22.12549949	5.307641745	18.20890069	1.192516802	664	58.16982985	9.116703272	4.103225097	12.98861057	0		0	14.62643147	0	0	0	0	0.960135646	0	0.035063192
66		CM03_01	PM2.5	0.893959575	1.066876133	3.246096719	0.937983431	29	32.94174373	19.26068515	11.1927256		0		4.564307258		0	0	6.823991984	9.706091881	0.065677584	7.531897724	7.912883162
69		CM03_01	PM2.5	0.893959575	1.066876133	3.246096719	0.937983431	40	10.07398069	19.19501275	9.406510741		0.008938514		15.69715291		0	0	0	0	0	45.61840594	0
68		CM03_01	PM2.5	0.670469681	0.923941834	2.874801954	0.980904789	32	35.4039371	26.46917999	0		14.10623342		0		0	0	9.370497614	0	4.439384863	7.922953367	2.28782054
