Id	Area	Field	Class	Area (?m²)	ECD (?m)	Perimeter (?m)	Shape	Count	O Wt%	F Wt%	Na Wt%	Al Wt%	Si Wt%	Cl Wt%	K Wt%	Ca Wt%	Br Wt%	La Wt%	Ce Wt%	Pr Wt%	Nd Wt%	Sm Wt%	Gd Wt%	Dy Wt%
4		CS03_01	PM2.5	0.782214628	0.997971241	3.246096719	1.071981064	22	68.32216382	0		0		0.020891421		15.76756686		0	0	0	0	0	0	15.88938385
6		CS03_01	PM2.5	4.69328777	2.444520318	13.44577286	3.065381223	217	31.70789778	0		12.78835833	34.70553458	0		3.070760891		0	0	1.236424968	2.44362168	2.689222246	11.05515733	0.303017767
1		CS03_01	PM2.5	0.446979788	0.754395348	2.79790429	1.393695698	13	0	1.210443303		15.91994017		0		0.022444635		0	0	0	0	0	14.04721737	68.79995465
3		CS03_01	PM2.5	1.564429257	1.411344463	4.590674005	1.071981064	58	58.73960257	0		8.527579159		5.501316115		0		0	0	0	0	5.571720377	8.754011989	12.9057765
2		CS03_01	PM2.5	2.681878726	1.847883667	6.044001009	1.083927057	98	41.44513607	38.40035498		9.294330329		1.265557855		4.076903686		1.749258116	3.564865515	0	0	0	0	0.203588209
5		CS03_01	PM10	64.47683436	9.060599055	57.0533116	4.017428393	1586	76.36443377	0		10.71943492		0.280702184		6.894635409		0	0	5.740784854	0	0	0	0
8		CS03_01	PM10	14.3033532	4.267504531	22.58207526	2.837134819	492	63.97536397	4.079342261		5.686203018	14.99673724	0		9.46604237		1.241026353	0	0.555285159	0	0	0	0
10		CS03_01	PM10	6.816441761	2.946008012	10.18648259	1.211381401	181	57.73940682	5.791879445		3.59005332		6.511139125		0		0.165335042	0	0	0	0	16.20056331	10.00163257
9		CS03_01	PM2.5	2.234898938	1.68687928	6.492193438	1.50077349	76	47.94045091	0		17.46751219		0		10.27637273		20.07086575	0	0	0	0	0	4.244797677
11		CS03_01	PM2.5	0.893959575	1.066876133	3.508641765	1.095847984	30	89.90759254	0		8.679933846		0.015049423		0.027187343		0.097930734	0.105253886	0.118593592	0.134772295	0.913682859	0	0
13		CS03_01	PM2.5	0.558724735	0.84343964	3.508641765	1.753356774	47	34.33684707	0		0		7.216395438		7.362356782		11.88118011	15.92481285	14.93479162	0	2.142684907	3.416055441	2.784885094
14		CS03_01	PM2.5	3.799328195	2.199421492	8.284963152	1.43768747	158	68.49448681	14.05203789		6.950194389		3.745185956		3.478012234		0	0	1.01410225	0	0	2.265977114	0
17		CS03_01	PM10	6.369461974	2.847779989	13.88077173	2.407213507	245	67.77737737	0		10.65171659		7.803238183		0.346993026		0	0	0	0	0	8.933352679	4.487321898
15		CS03_01	PM10	34.86442343	6.662639313	24.80984385	1.404933312	1053	45.28731704	2.768636122		10.44257805	17.96972156	1.629960909	6.857810915	0.129175722		0	4.385125637	5.939269066	4.590405151	0	0	0
16		CS03_01	PM2.5	2.570133779	1.808976496	5.858353627	1.062638565	119	0	36.26990318		0		20.41813433		19.16712672		0	0	5.211243778	17.45105535	0	0	1.482534036
18		CS03_01	PM2.5	0.223489894	0.533438066	1.607122332	0.919665974	11	45.28222084	37.26136088		0.340823177		0.113756419		0.197924697		0.698607601	0	0.851280149	1.217110083	12.56266534	1.474259421	0
20		CS03_01	PM2.5	1.78791915	1.508790696	5.224513816	1.214881794	77	1.68846827	15.39514363		4.76106666		20.433411		0.214832206		7.608153671	9.185796231	7.951907068	0	20.9244743	11.83674112	0
21		CS03_01	PM2.5	0.782214628	0.997971241	3.060449336	0.952872057	45	48.84592593	0		12.25165948		0		0		0	8.067491651	0.744871609	30.09005487	0	0	0
19		CS03_01	PM10	9.610065434	3.497987327	11.79360492	1.151746606	250	18.87459904	0.276776869	24.38813895	0.017634415		37.80370057		0.632578228		0	0	5.714819208	0	3.907297924	8.384460211	0
23		CS03_01	PM2.5	4.469797876	2.385607556	8.810053244	1.381844955	150	30.24365604	1.341431215	23.64836186	0.058890617		24.4811222		0		0	0	0	0	0	16.4651677	3.76136452
24		CS03_01	PM2.5	4.246307982	2.325202624	7.388578295	1.023058353	143	71.91684246	4.963650554		7.49220252		8.878003806		0.114159822		0	0	0	6.635143608	0	0	0
25		CS03_01	PM2.5	3.24060346	2.03127164	6.492193438	1.0350162	115	16.26538187	0	44.89803016	0		34.87685919		0		0	0	0	0	3.959720209	0	0
26		CS03_01	PM10	6.034227133	2.771825501	9.181348009	1.111684066	205	35.9980315	4.712473229	24.5025903	0		20.34662366		1.98539719		0	0	6.444676965	2.95543354	0	0	3.054757789
28		CS03_01	PM2.5	1.676174204	1.46088031	4.776321387	1.083073842	51	32.96170235	31.85276687		0.763775175		19.78229582		1.523019839		0.228166417	0.49898224	0.159790833	0.047699997	0	0	12.18179762
27		CS03_01	PM2.5	1.340939363	1.306651072	4.065583912	0.980904789	32	28.56143713	0.567560317		0		5.184588954		0.011440396		3.906838223	9.512886405	15.08208215	34.87345874	2.193708159	0	0.105992472
30		CS03_01	PM2.5	0.893959575	1.066876133	3.246096719	0.937983431	42	15.05187005	24.8243168		0		33.40546489		0.014272037		0	0	0	26.70407891	0	0	0
31		CS03_01	PM2.5	0.670469681	0.923941834	3.060449336	1.111684066	31	16.35497808	53.33631635		0		28.57276499		0.044303789		0.154263712	0.164916506	0.185110804	0.209720666	0.254411623	0.317915552	0.405291887
33		CS03_01	PM2.5	3.24060346	2.03127164	6.754738484	1.120421215	157	0	38.46243322		0		55.89230657		0.455388147		0	0	0	5.189875141	0	0	0
35		CS03_01	PM10	10.7275149	3.695767335	11.71670725	1.018361958	425	56.10318184	12.79321313		7.633157074		2.475490049		4.989364743		4.563491791	0.860576984	0	0	0	10.58151945	0
37		CS03_01	PM10	22.68422422	5.374239604	34.11313513	4.082342833	809	55.63122034	3.685467318		9.547726065	15.70845097	1.149266027		3.061645105		0.52176672	2.534153312	0	0.790034793	0	7.370276749	0
32		CS03_01	PM10	8.045636177	3.200628398	10.8203224	1.158004236	287	39.41049278	0	39.81953859	0		18.84964705		1.470818836		0	0	0.027239101	0	0.422260491	0	0
34		CS03_01	PM2.5	0.446979788	0.754395348	2.164064479	0.83376305	15	94.65705752	0		3.352762759		0.026163412		0.047583567		0.171797338	0.184524269	0.207888777	0.236486644	0.288792839	0.362677593	0.464263046
39		CS03_01	PM10	6.592951867	2.89731031	9.552642774	1.101431025	221	57.39175677	6.191400066		1.661542989		0.997126568		25.47757626		0	0	0	0.872900058	0	0	7.407699525
36		CS03_01	PM2.5	2.346643885	1.728536893	7.126033249	1.722021766	82	44.44480836	14.70995247		0.027858501		0		0		25.38959682	8.677236736	0.088911317	6.661636382	0	0	0
38		CS03_01	PM2.5	2.234898938	1.68687928	6.044001009	1.300712468	88	31.03527725	7.546395063		0.099520374		24.7440815		0		3.296503052	15.35224617	0	0	1.335847005	0	16.59012288
41		CS03_01	PM2.5	4.134563035	2.294403878	7.836770723	1.182047151	154	0	8.886738122		0		72.56063819		4.044071957		3.408039734	10.81583723	0	0	0	0	0.284669432
42		CS03_01	PM2.5	3.128858513	1.995942481	9.520790719	2.305421021	122	45.73965669	3.274878487		10.61231196		0		0		8.362354338	9.254258871	4.942601547	0	0	7.952971011	9.86097157
40		CS03_01	PM10	11.62147448	3.846676601	13.4325793	1.235514167	441	54.84898686	8.899440616		4.824866727	25.09467006	0		1.04479976		0	0	0	1.653539389	0	0	3.633697331
46		CS03_01	PM2.5	0.558724735	0.84343964	2.612256908	0.971905435	36	13.61933947	9.874460101		0		0.005857198		0.008996959		8.072764426	17.65397787	22.99553007	0	15.33569992	7.780710608	4.652677849
43		CS03_01	PM10	7.375166496	3.06436839	13.77202201	2.046509304	320	28.21965516	26.80531442		0		35.37029028		1.830714382		0	0	0	0	4.834000766	2.585037425	0.354988268
44		CS03_01	PM10	5.810737239	2.72001111	8.918802963	1.089361538	236	28.52502465	0	25.39421022	0.867114309		31.77128732		0		0	0	0	1.910243556	4.879525304	6.652601808	0
47		CS03_01	PM2.5	1.005704522	1.131593022	3.694289147	1.079894928	50	87.60520816	0		0		7.046907395		0.770444004		0	0	0	0	0	4.577437416	0
48		CS03_01	PM2.5	1.45268431	1.360005555	4.96196877	1.34873598	58	84.8865509	0		9.485912323		2.438526973		0		2.728431672	0	0	0	0	0.460574031	0
49		CS03_01	PM2.5	3.017113566	1.959976608	8.438758479	1.878259495	135	40.2620852	44.36642528		0		2.847933583		2.173602208		0	0	3.740702197	0.825771503	2.401592955	2.639185824	0.742700929
50		CS03_01	PM10	6.928186708	2.970057456	17.46631116	3.504071333	266	61.29649282	0		0		6.615510583		0.354647567		0.148516486	0.26467517	0	0	7.154214382	7.887589931	16.27836525
55		CS03_01	PM2.5	3.017113566	1.959976608	6.492193438	1.111684066	150	8.636303246	33.57091248		0		36.68748438		0		17.78901219	0	0	3.316291049	0	0	0
54		CS03_01	PM2.5	0.223489894	0.533438066	1.530224668	0.83376305	14	46.75486088	0		0		8.619169146		0.01429125		0.082049397	0.180792727	0	0	0	37.69930899	6.649528444
51		CS03_01	PM10	41.79261014	7.294655846	29.70810851	1.680508228	1716	31.05840981	0.736589218	32.44886696	0.671219174		33.20422173		1.461757906		0.093501806	0.325419055	0	0	0	0	0
53		CS03_01	PM10	62.46542532	8.918152819	41.00847539	2.142385801	2442	27.76316702	0	20.21528631	2.849252149	5.286803097	28.87756526		0.536311511	2.661981434	0	1.336555649	2.57363189	2.137088962	0	2.149288729	3.613068536
52		CS03_01	PM10	10.39228006	3.637562637	11.9792523	1.098850772	521	20.34209669	4.896651953	23.26800078	0		34.75349247		2.614372037		1.553603355	1.087062992	4.235478863	1.262588613	0	5.986659974	0
56		CS03_01	PM10	15.30905773	4.414985582	14.70025893	1.123289357	671	8.310934901	8.240137994	34.59761441	0		45.23752928		0		2.021197975	0.293035479	0	0	0	1.2995461	0
57		CS03_01	PM10	6.14597208	2.79737282	9.475745111	1.162589224	250	8.086522669	9.484548867	30.7192266	0		50.78246593		0.768597191		0	0	0	0	0.158631208	0	0
58		CS03_01	PM2.5	2.793623673	1.88598837	6.044001009	1.040569974	118	11.5748696	32.26632476		0		31.41073287		0		0	0	0.27197937	0	6.928253919	0	17.54783541
59		CS03_01	PM2.5	0.335234841	0.653325536	2.164064479	1.111684066	24	32.81720579	6.433618069		0		46.23689055		0.025189068		0.450181728	0.687287888	0	0	0	0	13.34963143
60		CS03_01	PM2.5	1.899664097	1.555225852	5.224513816	1.143418159	59	45.32014728	0		9.010914713		0		15.29671848		0	0	0	12.43375018	0.603399519	0	17.33507961
61		CS03_01	PM2.5	2.346643885	1.728536893	5.672706244	1.091248192	91	30.18369079	0	40.20351171	0.277187466		0		1.75083559		4.520674795	11.00941896	5.62161468	3.153008223	2.052736841	0	1.227313932
62		CS03_01	PM2.5	4.358052929	2.35559872	8.09931577	1.197827551	143	0	36.24468744		5.12541458		38.2101506		0.030590748		11.41235158	8.97679776	0	0	0	0	0
63		CS03_01	PM10	12.73892395	4.027369083	13.88077173	1.203606753	278	47.80389071	24.86904711		2.888114378		3.415936604		14.12887275		0	0	0	6.89413473	0	0	0
66		CS03_01	PM2.5	1.340939363	1.306651072	4.065583912	0.980904789	52	81.84987307	0		7.336816937		10.18449441		0		0.6288148	0	0	0	0	0	0
65		CS03_01	PM2.5	1.117449469	1.192803778	3.694289147	0.971905435	56	19.14007366	42.4887687		0		38.13844621		0		0.121953874	0	0	0.110756839	0	0	0
67		CS03_01	PM2.5	0.782214628	0.997971241	3.060449336	0.952872057	63	0	39.6143198		0		48.58087003		0		0	0	1.587835886	3.450982645	6.256440282	0.320440857	0.189104176
69		CS03_01	PM2.5	0.446979788	0.754395348	2.164064479	0.83376305	33	0	58.22162628		0		10.68748087		0		0	8.436962217	22.65393138	0	0	0	0
68		CS03_01	PM10	7.375166496	3.06436839	9.81518782	1.03947856	311	16.58660322	0	40.97214341	0.655596051		30.61499894		0		0	0	3.110286966	8.060378581	0	0	0
70		CS03_01	PM2.5	4.134563035	2.294403878	7.913668387	1.205358442	160	15.83577245	21.73645794		0		23.57610762		1.617642306		14.03116882	10.73758006	6.578759849	2.624094859	2.808073908	0	0.454338826
