Id	Area	Field	Class	Area (?m²)	ECD (?m)	Perimeter (?m)	Shape	Count	O Wt%	F Wt%	Al Wt%	Si Wt%	Cl Wt%	Ca Wt%	La Wt%	Ce Wt%	Pr Wt%	Nd Wt%	Sm Wt%	Gd Wt%	Dy Wt%
2		GB02_02	PM2.5	0.335234841	0.653325536	1.978417097	0.929130466	21	0	33.39806199	0.346068782		34.85424221	25.2307862	0.689466717	0.515446952	0.30572731	0.422736024	0	0	4.237462208
1		GB02_02	PM2.5	1.229194416	1.251023157	4.142481576	1.110940318	55	2.904110588	45.83286047	10.96245125		34.084782	0	5.191556364	0	0	0.825914741	0.198336947	0	0
5		GB02_02	PM10	30.84160535	6.266478401	20.8211576	1.11856932	1158	46.89722955	3.284454718	0.732422853	40.6894058	0	0	1.094622444	2.010093816	0.610504113	0	3.465189412	0	1.216079853
4		GB02_02	PM2.5	0.893959575	1.066876133	3.956834194	1.393695698	47	19.93199587	0	8.136380464		5.853974074	0	2.49651093	13.57762963	18.34522337	28.26737165	3.390918672	0	0
7		GB02_02	PM2.5	0.223489894	0.533438066	1.530224668	0.83376305	16	95.4123199	0	0		0.060424296	0.109673187	0.39552995	0.425013807	0.478596287	0.544852996	0.665968889	0.836580712	1.071041916
8		GB02_02	PM2.5	1.78791915	1.508790696	4.96196877	1.095847984	63	63.24819922	1.228000037	0		0	12.28032336	11.77055612	0	0	6.215285882	4.627436772	0.630195625	0
9		GB02_02	PM2.5	0.558724735	0.84343964	2.612256908	0.971905435	35	74.73494411	0	0		0.980462786	0	3.071291	10.58303267	10.63027158	0	0	0	0
15		GB02_02	PM2.5	0.558724735	0.84343964	2.612256908	0.971905435	16	42.54693985	50.90141296	0.526241446		0.081377552	0.145186274	0.520414626	0.558839971	0.628853962	0.715564936	0.873941462	1.09722279	1.403995045
10		GB02_02	PM2.5	2.458388832	1.769213915	5.410161198	0.947458011	64	9.203093499	46.49534225	9.053977579		34.5851928	0.047511506	0.07402543	0.079034409	0.088624138	0.100291031	0.121414801	0.151488546	0
13		GB02_02	PM2.5	2.90536862	1.923338301	6.229648392	1.062957658	117	20.63845843	31.60483837	0		24.04497415	0	2.332431264	1.924107596	0.900112092	3.30956243	0	0	15.24551958
11		GB02_02	PM2.5	0.223489894	0.533438066	1.530224668	0.83376305	3	92.73914099	0	0		0.096572493	0.174047111	0.62590586	0.672595995	0.756961107	0.862016529	1.053924859	1.32395979	1.694876701
16		GB02_02	PM2.5	1.676174204	1.46088031	4.513776341	0.967277432	48	70.37665844	0	0		28.0174166	0.034311475	0.120200613	0.128590956	0.144429004	0.163723296	0.198835065	0.248651067	0.567181176
18		GB02_02	PM2.5	0.335234841	0.653325536	2.164064479	1.111684066	14	0	10.22098362	21.28687799		0.021087928	0.031823432	0	12.75586486	3.939384222	0	37.07152903	11.9334653	2.738996409
17		GB02_02	PM2.5	2.346643885	1.728536893	5.224513816	0.925624224	48	32.45656192	31.76960051	0		10.13280377	0.019437923	0	6.76875338	17.47792512	1.190136932	0	0	0.184773433
20		GB02_02	PM2.5	1.340939363	1.306651072	4.328128958	1.111684066	32	19.48010474	0	0		9.455697238	1.601560786	0	28.63460779	20.35180181	0	11.90882251	0	8.567410707
24		GB02_02	PM2.5	3.352348407	2.065996747	8.208065488	1.59927303	71	27.04968452	0	7.097227871		0	0.010306166	0	9.262847155	17.43789017	13.19522411	0	13.77432346	12.1724911
23		GB02_02	PM2.5	0.558724735	0.84343964	2.612256908	0.971905435	12	31.90400898	1.920749992	0.013831288		0.01917842	0.030011762	0	12.25354522	3.790759295	0	35.85285544	11.5575552	2.657505684
25		GB02_02	PM2.5	0.670469681	0.923941834	3.060449336	1.111684066	24	25.89780688	0	0		0.01458695	0.022592212	0	0	10.75352356	61.42382026	1.887674816	0	0
21		GB02_02	PM2.5	0.893959575	1.066876133	3.508641765	1.095847984	30	39.47181106	12.1409893	0.517388014		0	0	0.301940623	1.457250305	0	0	0	27.09366083	19.0169543
27		GB02_02	PM2.5	0.558724735	0.84343964	2.612256908	0.971905435	40	20.54283172	0.786175579	9.309408069		2.188828215	0	1.616732031	1.184281148	2.510029264	3.3611577	0	49.31981564	9.180729091
28		GB02_02	PM2.5	3.352348407	2.065996747	6.492193438	1.00051566	131	0	22.29177505	4.299522936		13.75749558	1.033655554	3.22178565	9.827379882	18.24749857	11.33924201	12.8372699	0	3.144375235
30		GB02_02	PM2.5	0.670469681	0.923941834	2.79790429	0.929130466	42	56.96507692	27.16267407	14.29605633		0	0.979032647	0.053791283	0.057696772	0.064960594	0.073792465	0.08992246	0.112777716	0.144215417
29		GB02_02	PM2.5	3.24060346	2.03127164	6.940385866	1.182854913	101	21.39802426	9.263925254	0.204609451		0.482565071	5.761317536	5.781097338	14.39909935	12.48256043	20.63633054	3.856943175	0	5.733527988
33		GB02_02	PM2.5	1.45268431	1.360005555	4.776321387	1.249700586	34	0	0	0.030670795		0.020482959	0.029819284	0	0	20.91711313	74.87837672	3.427710384	0	0.69581056
32		GB02_02	PM2.5	1.117449469	1.192803778	3.956834194	1.114956559	44	22.92506993	6.306581199	2.19609905		4.222142696	0.01377132	13.0255729	42.31025875	6.19116798	1.652040146	0	0	1.157298312
35		GB02_02	PM2.5	0.782214628	0.997971241	3.060449336	0.952872057	34	84.89941955	0	7.730721682		0.034982985	4.784417897	0.229836209	0.246505835	0.277390215	0.315156486	0.384091632	0.481658615	0.615815306
36		GB02_02	PM2.5	0.670469681	0.923941834	2.79790429	0.929130466	17	84.92642045	0	0.219157734		7.478772849	0.181559753	0.647278409	0.694572274	0.781106111	0.888259243	1.083819661	1.359898038	1.73915606
38		GB02_02	PM2.5	0.670469681	0.923941834	2.79790429	0.929130466	11	88.16380501	0	0.417780783		0.154299231	0.275019417	0.984614249	1.057930384	1.189687569	1.355005335	1.656768285	2.081237547	2.66384948
39		GB02_02	PM2.5	1.117449469	1.192803778	4.142481576	1.22203435	28	39.38707709	6.804662943	1.711999439		3.794287145	6.179415435	0	0	5.22226356	15.96095711	8.900980651	0	12.03835681
40		GB02_02	PM2.5	0.782214628	0.997971241	3.060449336	0.952872057	24	86.80764437	0	8.437350392		0.063901936	0.11444767	0.410770811	0.44107507	0.49646995	0.564817339	0.689686369	0.86585721	1.107972581
42		GB02_02	PM2.5	1.229194416	1.251023157	3.956834194	1.013596872	70	4.496525601	2.099126577	10.17041355		8.753283322	1.825105958	0	8.67908746	19.18911338	41.59681499	3.022446856	0	0.168086402
43		GB02_02	PM2.5	0.893959575	1.066876133	3.246096719	0.937983431	45	49.88482594	46.94088697	0		0.042306495	0.076194305	0.274150795	0.294403033	0.331517425	0.377124804	0.460489001	0.5781685	0.73993504
44		GB02_02	PM2.5	0.335234841	0.653325536	1.978417097	0.929130466	28	63.30677271	22.85443246	1.024443656		3.86463888	0	5.669993535	1.850817539	0	0.445957016	0.376964966	0	0.60597132
45		GB02_02	PM2.5	0.782214628	0.997971241	3.060449336	0.952872057	31	11.63883209	33.88482928	25.6709367		25.17038584	0	1.006332319	0.642155949	0.268461229	0.303877867	0.368359196	0.459994096	0.585834589
46		GB02_02	PM2.5	0.223489894	0.533438066	1.530224668	0.83376305	11	95.58401704	0	0.623571547		0	0.091839372	0.331399427	0.356074283	0.40102792	0.456467783	0.557831023	0.700704008	0.897071976
49		GB02_02	PM2.5	0.335234841	0.653325536	1.978417097	0.929130466	16	45.96842527	49.04723465	0.284243957		0	0.11458121	0.41142772	0.441825576	0.497330166	0.56586042	0.691070221	0.867662299	1.110342517
47		GB02_02	PM2.5	1.564429257	1.411344463	4.328128958	0.952872057	58	15.07288218	19.87312734	17.30569303		0	0.015445905	0.088342279	0.194142002	0	0	0	40.34059644	7.109767944
48		GB02_02	PM2.5	0.223489894	0.533438066	1.530224668	0.83376305	9	73.13079834	24.67444688	0.012856169		0.022054619	0.542797195	0.14504072	0.155759719	0.175478752	0.199578237	0.243653171	0.305945752	0.391598186
50		GB02_02	PM10	5.698992292	2.693730193	13.32382959	2.478849757	163	0	6.280778348	0		0	1.258529443	0	0	5.750744417	21.12889588	1.334518008	32.28787184	31.95866048
51		GB02_02	PM2.5	1.340939363	1.306651072	4.142481576	1.018361958	52	38.8324827	1.15268454	0		0	0.014979704	0.789373834	40.12537897	16.4665103	0	0	0	2.61859633
52		GB02_02	PM2.5	0.223489894	0.533438066	1.530224668	0.83376305	8	0	71.6499269	1.156959683		0.176054321	0.295287929	3.022702783	2.825581469	0	2.741751634	0	0	18.13172549
54		GB02_02	PM2.5	0.670469681	0.923941834	2.79790429	0.929130466	14	0	78.17338109	3.357568383		0.077671581	0.132851722	7.903531939	0	0	0	0	10.35499051	0
56		GB02_02	PM2.5	3.687583248	2.166835669	7.202930912	1.119610083	75	31.65947497	0	3.562563285		3.253761306	0.745693315	0.953759812	11.28047183	27.5051862	9.324444085	8.475896716	3.238749504	0
57		GB02_02	PM2.5	0.782214628	0.997971241	3.246096719	1.071981064	27	0	20.62877566	0		0.040961916	0.061710359	0	0	0.731728785	22.56444991	55.97237349	0	0
58		GB02_02	PM10	14.75033299	4.333671338	14.77715659	1.178067194	410	44.55065429	4.339100048	0	44.30055022	0	1.315600425	0	0	0.715921167	0	0	4.778173193	0
59		GB02_02	PM2.5	2.346643885	1.728536893	6.044001009	1.238773779	55	11.40694246	0	5.373755097		4.326821119	0.019994045	0	41.66096449	36.3486439	0	0	0	0.86287614
