Id	Area	Field	Class	Area (?m²)	ECD (?m)	Perimeter (?m)	Shape	Count	O Wt%	F Wt%	Al Wt%	Si Wt%	S Wt%	Cl Wt%	K Wt%	Ca Wt%	Fe Wt%	La Wt%	Ce Wt%	Pr Wt%	Nd Wt%	Sm Wt%	Gd Wt%	Dy Wt%
1		MG02_03	PM2.5	0.223489894	0.533438066	1.530224668	0.83376305	20	18.31348985	9.504734725	0.573579315			5.418477207		0.61934907		10.79976112	16.16576314	38.47028017	0	0	0	0.134562247
4		MG02_03	PM2.5	0.782214628	0.997971241	3.246096719	1.071981064	38	27.20066011	19.65246797	2.809161507			0.113260641		0.017827498		0	0	14.52215314	18.20026338	10.64733788	5.102861673	1.734012738
2		MG02_03	PM10	6.704696814	2.92176062	10.63467501	1.342330437	235	31.10054731	19.6747303	0.287025608	28.6919415		1.661339775		3.036959097		0	0	1.933838241	1.045159623	0	12.56846488	0
6		MG02_03	PM10	11.73321942	3.865125995	13.17003426	1.176377617	291	49.80461001	0	10.93226746	28.18709016		0.691537606		3.267923743		0	3.42612192	3.690453991	0	0	0	0
5		MG02_03	PM2.5	0.782214628	0.997971241	3.246096719	1.071981064	41	58.67969394	20.44645399	15.45448601			0.015826712		0.027819417		0.098860008	0.105968514	0.215071253	0.135385164	0.246174075	0.586127769	3.988137469
9		MG02_03	PM2.5	1.229194416	1.251023157	4.142481576	1.110940318	39	51.7082274	0	38.91705275			0		0.032201744		0	0	0.135357108	0	1.532316115	7.674840838	0
8		MG02_03	PM2.5	1.117449469	1.192803778	4.513776341	1.450916148	61	65.0192678	17.13332087	0			0		16.16629958		0.086147932	0	0	0	0	1.594958082	0
10		MG02_03	PM10	16.09127235	4.526372089	16.30738126	1.315128533	614	48.59702289	3.991452605	0	34.83631611		1.612593234		0.883512478		1.084625721	0.589537481	0.544519909	2.778271958	0	5.082144961	0
11		MG02_03	PM2.5	0.558724735	0.84343964	2.612256908	0.971905435	17	0	51.70655847	0.048929657			0		0.116575812		1.160774939	0	0	0	0	46.9671607	0
12		MG02_03	PM2.5	0.223489894	0.533438066	1.530224668	0.83376305	15	57.39949346	0	33.04989338			0.040484825		6.723721325		0.253098761	0.270863739	0.304255472	0.345040369	0.419240678	0.524536287	0.669358857
13		MG02_03	PM2.5	4.469797876	2.385607556	8.361860816	1.244824479	200	52.43009925	2.896372229	1.473353244			3.205487877		23.93726707		0	0	0.739051681	2.177440934	2.914853767	0	10.22606418
14		MG02_03	PM2.5	0.670469681	0.923941834	2.79790429	0.929130466	28	81.80992603	2.865619957	4.863093793			1.731033251		5.186958984		2.111417055	1.126641128	0	0.305314176	0	0	0
15		MG02_03	PM2.5	0.446979788	0.754395348	2.164064479	0.83376305	9	20.120278	3.323406354	2.804649062			0.023839963		0.03706039		21.68557942	37.47698963	0	0	7.168421149	5.029003695	2.330781333
16		MG02_03	PM2.5	0.335234841	0.653325536	1.978417097	0.929130466	29	23.29299599	0	13.60942572			0.090619799		0.014572384		1.18001923	3.561945632	0	0	41.53558016	11.75995469	4.954889789
18		MG02_03	PM2.5	0.446979788	0.754395348	2.164064479	0.83376305	12	0	0	0			1.845964976		2.700189501		8.851217479	9.406530112	10.43557674	11.78023145	14.2521143	17.90667623	22.82149047
17		MG02_03	PM2.5	0.558724735	0.84343964	2.612256908	0.971905435	35	35.73081195	6.7587547	0			0.169737707		0		0	0	0	0	0	11.49392128	45.84677219
21		MG02_03	PM2.5	1.45268431	1.360005555	5.038866433	1.390863734	63	22.99335003	20.96876651	8.732544631			0.399794104		0		33.56584907	5.46582602	0	7.873873413	0	0	0
22		MG02_03	PM2.5	0.223489894	0.533438066	1.530224668	0.83376305	20	58.49788785	37.31531203	0.92897797			2.235898748		0.024892375		0.089575764	0.096149661	0.108305737	0.123114546	0.150187139	0.188500842	0.241191569
19		MG02_03	PM10	7.039931655	2.993913722	13.06128454	1.9283838	211	29.044801	10.7699804	3.855274618	14.18406516		0.345395436		4.131691158	26.96046829	2.574604936	3.663247824	3.283577785	1.186906546	0	0	0
23		MG02_03	PM2.5	0.446979788	0.754395348	2.612256908	1.214881794	26	54.46060896	1.103359554	5.040689558			15.29321223		0.028090793		0.096098921	0.360454223	0	0	0	3.012819216	20.60467154
20		MG02_03	PM10	6.816441761	2.946008012	9.213200064	0.990953809	258	53.55366468	12.84199804	23.63570631			0		0.308745843		0	0	0	7.338754833	0	0	2.321140841
26		MG02_03	PM2.5	0.670469681	0.923941834	3.508641765	1.461130645	29	7.746250182	7.769302279	41.64280891			0.037847151		0.059665518		6.028729677	21.57337815	15.14201164	0	0	0	0
29		MG02_03	PM2.5	0.223489894	0.533438066	1.530224668	0.83376305	21	33.70605707	0.711035309	14.61120695			0		0.018298221		0	4.47124131	2.848461457	0	31.2699765	0	12.36372516
31		MG02_03	PM2.5	1.117449469	1.192803778	3.87993653	1.072041222	38	0	8.711450547	6.413013488			0.012637605		8.12227577		4.604615644	0	0	0	51.06936693	18.41181964	2.654826269
32		MG02_03	PM2.5	0.223489894	0.533438066	1.530224668	0.83376305	22	44.26188469	0	16.29068702			13.02474141		1.09221451		5.34718968	9.387239814	3.490100428	7.10593909	0	0	0
33		MG02_03	PM2.5	0.223489894	0.533438066	1.607122332	0.919665974	23	20.34558207	28.66674662	1.342915278			0		0.010945291		0	0	0	0	0.060442748	4.299594462	45.27376592
35		MG02_03	PM2.5	0.558724735	0.84343964	2.612256908	0.971905435	36	44.69384551	3.662354499	0			0.054727204		10.23635864		2.383342572	2.689973079	1.446805988	1.965691522	0	32.32552111	0.541382004
36		MG02_03	PM2.5	0.782214628	0.997971241	3.060449336	0.952872057	46	23.77972156	23.16001505	11.81091443			0.009525842		0		0.086118333	0.055813947	3.558145836	4.598810524	6.627558917	0	26.31336153
34		MG02_03	PM2.5	1.899664097	1.555225852	6.120898673	1.569436329	90	39.99970853	9.14003402	2.288978919	39.86545801		1.131113432		0		0	0	0	3.918357939	3.656354174	0	0
37		MG02_03	PM2.5	0.670469681	0.923941834	2.79790429	0.929130466	18	75.17084479	0	3.067575768			1.11232195		0		3.285797685	8.743269742	3.416645527	1.118400414	0	4.085136577	0
38		MG02_03	PM2.5	1.117449469	1.192803778	3.694289147	0.971905435	41	61.65439487	0	3.368548676			0.088292599		0		0	0	0	0	23.60716015	11.28161103	0
40		MG02_03	PM2.5	4.134563035	2.294403878	8.022418106	1.238714163	137	41.15593135	8.361293375	10.5055429			0.585036958		2.300064266		0	0	6.710971147	0	0	0	30.38114607
42		MG02_03	PM2.5	4.134563035	2.294403878	8.810053244	1.493886438	115	86.40479445	0	8.033742011			0.526119769		4.510667548		0	0	0	0.52467552	0	0	0
44		MG02_03	PM2.5	0.558724735	0.84343964	2.612256908	0.971905435	38	50.88222027	37.01827228	9.612818807			0.006987886		1.520782057		0	0.076451479	0.54655741	0	0.075374776	0.139579852	0.120954169
41		MG02_03	PM10	18.66140613	4.874468202	18.02325331	1.385198921	845	48.34107757	9.38257128	5.96777238	31.65152073		0		0.676845945		0.818525907	0	0	0	1.529445779	1.632240415	0
45		MG02_03	PM10	6.928186708	2.970057456	10.0008352	1.148796476	292	53.32454443	4.404945299	0		12.85266727	0		22.46119529		0.254647294	1.926857792	0	0.136617024	4.638532922	0	0
50		MG02_03	PM2.5	4.022818089	2.263186044	7.126033249	1.004512697	148	37.19748557	0	5.577432364	28.34095955		0		1.70908682		6.380395591	16.42089784	4.37374562	0	0	0	0
54		MG02_03	PM2.5	0.223489894	0.533438066	1.530224668	0.83376305	31	88.39745522	0	1.967613585			1.092447247		0.213727122		0.148975302	0	0	0	0.935845822	7.243929058	0
53		MG02_03	PM2.5	2.458388832	1.769213915	6.492193438	1.364339536	93	31.51916862	0	3.836116567			0		9.029649198		12.23563403	34.70037282	8.679066598	0	0	0	0
52		MG02_03	PM10	7.59865639	3.110451704	17.80575387	3.320275046	279	41.30088687	29.18268442	1.885076053			1.016977429		17.84130782		0	0	0	1.437551342	4.085946828	2.473570779	0.775991566
55		MG02_03	PM2.5	1.45268431	1.360005555	5.672706244	1.76278554	39	35.93277037	30.16493917	1.551716868			3.974011168		11.17624938		3.651821986	10.24800614	1.611191407	1.689294539	0	0	0
57		MG02_03	PM2.5	0.670469681	0.923941834	2.874801954	0.980904789	32	0	0	32.56449997			0		0.037720785		12.9556641	8.350852132	0	0	0	13.04188818	33.04937482
58		MG02_03	PM2.5	0.782214628	0.997971241	4.142481576	1.745763357	22	58.98003578	0	5.286604166			6.027573347		0.04695649		0	0	0.324333855	0	29.33449149	0	0
59		MG02_03	PM2.5	0.223489894	0.533438066	1.530224668	0.83376305	10	33.1630379	10.20473465	2.061405964			0.027812331		0.044527822		0	0	20.40878236	3.754495084	12.34736964	13.98021877	4.007619619
60		MG02_03	PM2.5	0.893959575	1.066876133	3.246096719	0.937983431	59	36.86904311	3.765390068	0			3.409074992		12.3211652		0	0	0	7.515242696	0	36.12008393	0
64		MG02_03	PM2.5	0.558724735	0.84343964	3.060449336	1.33402088	40	77.28431821	0	4.340590537			0.007793662		7.979249954		1.301370468	4.580358416	4.506327584	0	0	0	0
66		MG02_03	PM2.5	0.893959575	1.066876133	3.431744101	1.048339735	37	41.89302623	19.50343102	3.593090177			0		1.72566101		4.494562745	3.742815554	0	0	15.9786731	8.356010169	0.712718535
65		MG02_03	PM2.5	3.128858513	1.995942481	8.09931577	1.66840266	105	45.62596381	13.33337128	8.289373666			0		4.374410957		0	0.058668532	0.784628093	0.137873332	2.425460145	0.309201609	24.6610567
62		MG02_03	PM10	5.475502398	2.640383718	10.71157268	1.6675261	200	29.05746996	0	0.966795534	32.02885389		4.839396477		7.897141576		0	0	0.012644117	0	0.316173676	0	24.88153428
67		MG02_03	PM2.5	0.335234841	0.653325536	2.164064479	1.111684066	27	45.77156007	4.446404055	10.49225777			25.39988756		0.051837799		13.83805424	0	0	0	0	0	0
69		MG02_03	PM2.5	0.335234841	0.653325536	1.978417097	0.929130466	21	10.63084677	0	3.412440047			0.492898421		0.013360614		5.954850465	4.844748229	0	0	5.687785521	10.92492789	58.03813338
70		MG02_03	PM2.5	2.570133779	1.808976496	5.858353627	1.062638565	128	37.00522184	6.22683391	0			0		26.91690624		2.980178036	5.370098725	10.25308222	0	11.15438789	0.093295617	0
71		MG02_03	PM2.5	0.446979788	0.754395348	2.164064479	0.83376305	6	0	37.7977252	48.17342758			0.215610862		0.353377382		1.225275919	1.310444996	1.469041314	1.666141301	2.024539933	2.53319703	3.231229261
