Id	Area	Field	Class	Area (?m²)	ECD (?m)	Perimeter (?m)	Shape	Count	O Wt%	F Wt%	Al Wt%	Si Wt%	Cl Wt%	Ca Wt%	Fe Wt%	Rb Wt%	La Wt%	Ce Wt%	Pr Wt%	Nd Wt%	Sm Wt%	Gd Wt%	Dy Wt%
5		MG03_03	PM2.5	1.78791915	1.508790696	4.96196877	1.095847984	43	52.53914595	32.20381737	14.73109573		0	0.012889382			0.046191341	0.049551594	0.055797555	0.06338997	0.077259773	0.096911227	0.123941957
1		MG03_03	PM2.5	0.893959575	1.066876133	5.333263534	2.531968765	34	21.79041356	4.626648873	0.597402034		0	0.249626231			17.70029217	19.15587783	17.21335649	0	18.66638958	0	0
3		MG03_03	PM2.5	1.899664097	1.555225852	4.96196877	1.031386338	92	56.18715882	0	0		0	0			1.533468813	0	4.119787365	0	0	38.15959394	0
4		MG03_03	PM2.5	1.229194416	1.251023157	3.87993653	0.974582929	55	43.76275539	18.5539484	6.878783554		1.9653311	0.224098656			0	0	4.651038349	5.901730433	18.06230843	0	0
7		MG03_03	PM2.5	1.78791915	1.508790696	4.776321387	1.015381726	57	75.76709986	7.190651447	10.94311774		0	0.26750986			2.372880094	3.238873184	0.219865702	0	0	0	0
8		MG03_03	PM2.5	0.223489894	0.533438066	1.530224668	0.83376305	20	69.00464296	20.27399391	1.511579379		0.010037448	7.906978577			0.446279719	0.240148278	0.081209559	0.092199765	0.112289132	0.140754681	0.179878832
6		MG03_03	PM2.5	1.676174204	1.46088031	4.513776341	0.967277432	84	42.36054718	34.91969705	4.538522661		2.338515781	0			0	10.95892861	4.883792624	0	0	0	0
9		MG03_03	PM2.5	0.782214628	0.997971241	3.060449336	0.952872057	33	81.96443915	0	9.908569604		6.66333884	0			0.131928059	0.141484546	0.159240211	0.180886406	0.220401841	0.27636867	0.353342108
10		MG03_03	PM2.5	0.893959575	1.066876133	3.508641765	1.095847984	45	38.46043944	46.47635818	13.69765699		0	0			0.77045192	0.595090166	0	0	0	0	0
11		MG03_03	PM2.5	0.446979788	0.754395348	2.164064479	0.83376305	10	93.92281175	0	3.672317415		0.031686723	0.057534734			0.207589986	0.222969498	0.251170923	0.285742595	0.348965544	0.438237377	0.560969999
14		MG03_03	PM2.5	0.446979788	0.754395348	2.164064479	0.83376305	11	22.31670022	0	20.39824873		0	0			37.45658696	17.54541993	0	2.283033542	0	0	0
15		MG03_03	PM2.5	3.575838301	2.133752265	9.181348009	1.875966862	98	54.65016961	19.05112863	16.14120454		0	0			0	0	0	0	8.106251806	0	2.051248401
12		MG03_03	PM2.5	1.340939363	1.306651072	4.142481576	1.018361958	66	23.55015278	9.911385179	8.5602507		0.757613312	1.669900119			0	0.992463063	3.196192905	0	0	31.44942224	19.91262287
19		MG03_03	PM2.5	0.335234841	0.653325536	1.978417097	0.929130466	28	51.79475546	0	2.363724075		0	12.46192902			4.88903746	16.80890471	11.46887615	0	0	0	0.212772144
18		MG03_03	PM2.5	3.128858513	1.995942481	7.913668387	1.592795084	142	26.88659728	3.369187191	10.34112051		10.01623943	0			0	5.341361091	8.837346733	6.806753576	1.501245424	0.980042387	25.92010796
16		MG03_03	PM10	16.87348698	4.635082619	15.85918883	1.186170818	425	37.09125221	0	0	11.29288897	0	0.585148204	40.29679		5.584177002	5.149752647	0	0	0	0	0
23		MG03_03	PM2.5	0.670469681	0.923941834	2.79790429	0.929130466	19	39.7352457	0	1.060026325		0.009476548	0.201124628			0	0.052488782	1.168820728	0.304567977	4.336259142	0	53.1319797
22		MG03_03	PM2.5	0.558724735	0.84343964	2.612256908	0.971905435	25	45.5539763	29.67301309	2.920616791		20.14342844	0			0.267382408	0.242765807	0.161127804	0.182744523	0.222117174	0.277992804	0.354830665
26		MG03_03	PM2.5	0.782214628	0.997971241	3.060449336	0.952872057	56	60.00949144	0	3.316716105		7.4113518	0.072994729			5.969572812	12.63009459	0.307659199	1.19059654	0	9.09152627	0
27		MG03_03	PM2.5	0.223489894	0.533438066	1.530224668	0.83376305	20	14.85149264	0	78.88206244		0.098741718	0.159277709			0.54941494	0.586891687	0.657935534	0.745132985	0.90334462	1.128252503	1.43744899
24		MG03_03	PM2.5	1.564429257	1.411344463	4.776321387	1.160436259	73	48.12239707	2.621781267	5.840107054		0	4.987964779			0	0	0	0.365301059	3.628801927	2.370538376	32.0631057
30		MG03_03	PM2.5	4.581542823	2.415243569	9.552642774	1.58498611	144	77.34535933	0	4.807966202		5.765707791	0			1.660020277	8.301373571	0.64811823	0	0.701338705	0	0.770117063
31		MG03_03	PM2.5	0.558724735	0.84343964	2.612256908	0.971905435	16	48.73214662	0	0.695235468		9.969516844	0.027409123			0.092647807	0.728181656	2.057909407	0.859665964	4.492412135	0	32.34487176
32		MG03_03	PM10	18.1026814	4.800942597	27.05080599	3.216678433	533	48.39832485	0.884458609	9.086705744		7.50688836	0.2902237			0	0	0	0	0	17.00990051	16.82349741
33		MG03_03	PM2.5	2.570133779	1.808976496	7.202930912	1.606397076	67	44.6472764	3.170312569	4.104043543		5.292760208	8.610487729			0	0	1.140167657	0	7.061045617	25.97390115	0
34		MG03_03	PM2.5	3.464093354	2.100147767	6.940385866	1.106541693	133	59.72735882	11.83767244	0		5.656431243	17.92130917			0	0	0	4.857236147	0	0	0
36		MG03_03	PM2.5	3.128858513	1.995942481	6.415295774	1.046737008	106	45.26799023	23.58275503	14.28974271		0.157497684	3.773593903			2.169981785	0	0	10.25636941	0	0.502073718	0
35		MG03_03	PM2.5	0.558724735	0.84343964	2.612256908	0.971905435	40	32.81806707	30.11720181	36.86049581		0.204230845	0			0	0	0	0	0	0	0
37		MG03_03	PM2.5	1.005704522	1.131593022	4.142481576	1.357815944	50	55.46072721	0	21.00459039		0	1.067848131			0	0	4.275301099	0	1.413957216	2.010104805	14.76746649
38		MG03_03	PM10	10.61576996	3.676468156	16.46117659	2.031235999	334	59.33751464	1.809290051	15.97128958		3.309290484	2.069661953			0.542405574	0	0	2.774390578	0	2.827707492	11.35845408
40		MG03_03	PM2.5	1.005704522	1.131593022	4.142481576	1.357815944	26	76.67235136	11.64054796	2.20214054		0.012049319	9.472917765			0	0	0	0	0	0	0
41		MG03_03	PM2.5	2.570133779	1.808976496	7.836770723	1.901554112	83	38.98303211	0	0		0	2.944814414		31.38782978	9.199988842	3.894622251	0.641278084	4.309003055	4.301092774	1.576982252	2.761359327
44		MG03_03	PM2.5	1.676174204	1.46088031	4.776321387	1.083073842	61	45.91213167	40.69721699	0		7.05852285	3.750003502			0.134321314	0	0.036939781	1.060058177	1.35081429	0	0
42		MG03_03	PM2.5	1.78791915	1.508790696	5.038866433	1.130076784	73	44.47595775	21.2733984	16.17777646		0.758399675	0.772254216			5.665823445	4.787462577	0	0	1.908073574	3.328979015	0.851873588
47		MG03_03	PM2.5	1.45268431	1.360005555	4.328128958	1.026169907	49	24.33885336	0	1.976244152		0.076350587	0.009147814			4.206278548	0	0	2.444990538	0	10.36235467	56.58578277
45		MG03_03	PM2.5	0.223489894	0.533438066	1.530224668	0.83376305	17	27.07029581	9.811756015	9.815717489		0.013247519	1.395192649			3.674345091	0	2.234797366	38.0718559	6.517972052	1.198918466	0.195905659
50		MG03_03	PM2.5	2.681878726	1.847883667	6.306546055	1.180141667	101	52.30905414	37.12104559	0		0	6.755841523			3.814050183	0	0	0	0	0	0
49		MG03_03	PM2.5	1.117449469	1.192803778	3.694289147	0.971905435	50	63.77800703	10.77380851	4.325093329		3.120896406	1.2785648			4.767385125	0	0	0	0	0	11.95624098
46		MG03_03	PM10	7.93389123	3.178324096	11.45416221	1.315923225	272	51.10074878	6.767461449	10.56291163	22.53002673	0	0.19401164			0	0	0	0	0.826949161	8.017885685	0
48		MG03_03	PM10	37.881537	6.944945711	55.56813254	6.486555644	1199	48.77266288	2.616308257	0.594327273	12.59997487	0.099288207	1.160944253	28.07957828		3.282120824	2.111920156	0	0.059818238	0	0	0.623064861
52		MG03_03	PM2.5	0.335234841	0.653325536	2.164064479	1.111684066	27	32.89850652	0	5.517373979		0.01217877	0.533506414			11.2861	27.76845992	8.518537134	1.950476691	0	11.51486114	0
51		MG03_03	PM2.5	3.575838301	2.133752265	8.208065488	1.499318466	157	41.10203981	21.03326321	5.225523561		0	0			0	1.593167894	9.173401445	0	0	21.87260836	0
56		MG03_03	PM2.5	0.670469681	0.923941834	3.060449336	1.111684066	27	0	0	7.488082349		5.038377643	14.51764405			9.894810617	0	0	0	0	17.11445451	45.94662786
54		MG03_03	PM2.5	0.446979788	0.754395348	2.164064479	0.83376305	12	13.34680766	23.87980521	0.141002145		0.014583608	0			9.030830115	2.997098304	0	0	0	7.492123544	43.09775829
55		MG03_03	PM2.5	0.223489894	0.533438066	1.530224668	0.83376305	16	43.17749143	39.43493962	4.693017155		0.064176955	0			5.648994446	3.327776492	0.485931663	0.552059663	0.676199561	0.851061568	1.088349335
57		MG03_03	PM2.5	0.223489894	0.533438066	1.530224668	0.83376305	22	52.08930373	0	0		0.024080124	0			10.6851697	23.00886214	14.19257969	0	0	0	0
58		MG03_03	PM2.5	4.022818089	2.263186044	9.81518782	1.905710693	170	53.48836184	17.01602936	7.891496271		4.547550902	5.793832988			3.644331917	0	0	0	0	0.717775198	6.90061152
59		MG03_03	PM2.5	0.446979788	0.754395348	2.164064479	0.83376305	21	39.51393366	9.702321142	5.867429823		22.920838	0			3.450540081	6.69329986	0	0	0	11.85163707	0
60		MG03_03	PM2.5	0.446979788	0.754395348	2.164064479	0.83376305	10	11.39047891	0	0		0.142148382	0.021575483			0	0	6.406792253	0	7.722879201	0	74.31612611
62		MG03_03	PM2.5	2.570133779	1.808976496	9.661392493	2.890106573	81	75.4267931	0	9.340570122		0	0			5.375714973	0	0	0	0	9.85692516	0
64		MG03_03	PM2.5	2.681878726	1.847883667	10.55777735	3.307470649	108	58.46728683	0	4.469618574		0.129183277	0			0	0	0	0	4.884083569	10.09216681	21.95766419
63		MG03_03	PM10	11.95670932	3.90176308	15.30224668	1.558435607	362	40.50450325	32.41235316	0.681078108		16.26516283	5.991405249			0	0	0	0	0	4.145502672	0
65		MG03_03	PM2.5	0.893959575	1.066876133	3.431744101	1.048339735	26	18.6867103	21.76307589	0		0.007423943	0.015744283			35.43008268	13.14130723	0	8.601429313	0	0	2.354226634
61		MG03_03	PM2.5	2.346643885	1.728536893	5.410161198	0.992575059	93	36.01928055	43.35196316	12.81227469		1.0245407	1.725928485			0	0	0	0	0	3.608001396	1.458017807
67		MG03_03	PM2.5	0.670469681	0.923941834	3.322994383	1.310600129	17	0	20.37628293	5.008604005		6.824675202	0.021401157			0	0	5.127232894	3.592797741	8.670491725	0	50.3785193
68		MG03_03	PM2.5	0.223489894	0.533438066	1.530224668	0.83376305	12	96.25986218	0	0.401967717		0.04380187	0.079730863			0.287885568	0.309314742	0.348409289	0.396541972	0.484559499	0.608667172	0.779258925
69		MG03_03	PM2.5	0.223489894	0.533438066	1.530224668	0.83376305	32	0	6.903076172	30.10118008		0.469217543	0.056092103			0	0	0	7.710385323	38.74421418	0	16.01583511
71		MG03_03	PM2.5	0.670469681	0.923941834	2.79790429	0.929130466	38	30.44646382	4.187510908	3.089058213		0	1.622708701			0	7.317600399	15.91515243	34.41949189	3.002003767	0	0
70		MG03_03	PM2.5	0.223489894	0.533438066	1.530224668	0.83376305	10	10.75703278	0	0		0.041204802	0.061357336			0	0	56.12403154	0	9.932616353	14.28934336	8.794411272
75		MG03_03	PM2.5	0.893959575	1.066876133	3.246096719	0.937983431	41	34.35131609	0	4.357737675		0	12.27907017			10.45215502	9.007110447	10.07863358	0	9.886442125	5.86809516	3.719441965
74		MG03_03	PM2.5	1.340939363	1.306651072	5.858353627	2.036723916	42	86.06655598	0	2.361493558		2.287378348	0			2.1706203	5.39588742	1.36810299	0.181756914	0	0.168195879	0
73		MG03_03	PM10	6.369461974	2.847779989	9.027552682	1.01818677	245	39.58160579	9.996587038	5.034728721	27.60902345	0	0			8.56102407	3.358556703	0	0	0	1.496914122	4.361541569
76		MG03_03	PM10	14.86207794	4.350055787	29.89375589	4.784885713	540	51.12151504	3.07685025	3.537497669	18.41130108	0.482053263	2.223919891			1.485236641	3.105486557	4.223326966	1.862091199	0	1.959288493	8.511431515
79		MG03_03	PM2.5	0.446979788	0.754395348	2.164064479	0.83376305	46	42.07245111	35.70004702	9.365649521		8.72747004	0			1.037232019	0.667480985	0	0	0	2.42967587	0
78		MG03_03	PM2.5	1.45268431	1.360005555	4.405026622	1.062957658	50	8.310198039	18.84023696	2.244655415		0.097784563	7.444832474			41.48077667	17.24449992	0	1.862392016	0	2.47462336	0
80		MG03_03	PM2.5	1.899664097	1.555225852	4.96196877	1.031386338	73	31.05720878	43.11973751	18.8821435		0	0			3.568565845	3.372339904	0	0	0	0	0
81		MG03_03	PM2.5	0.893959575	1.066876133	3.246096719	0.937983431	45	54.71109748	0	0		1.336300094	0			4.492672905	21.14470303	0	0	0	5.706157908	12.60907203
82		MG03_03	PM2.5	0.223489894	0.533438066	1.530224668	0.83376305	22	17.24393666	19.92072612	0		0	0.023242205			48.38762581	8.379708976	0	6.044755876	0	0	0
84		MG03_03	PM2.5	0.670469681	0.923941834	4.142481576	2.036723916	44	26.60161555	29.98416722	7.111332566		8.481947333	2.465932071			2.822426334	6.023205817	0	0	0	16.50937498	0
83		MG03_03	PM2.5	2.458388832	1.769213915	5.858353627	1.110940318	83	46.34463191	1.986863464	5.98615855	25.44393539	0.160021463	0			2.340008877	2.562480234	0	0	14.77719247	0.398704782	0
85		MG03_03	PM2.5	1.229194416	1.251023157	4.142481576	1.110940318	66	29.38990593	12.95181513	1.870244369		1.604525931	0.196067756			18.54030639	5.130264908	0	0	0	8.587195724	21.72967345
86		MG03_03	PM2.5	1.229194416	1.251023157	4.142481576	1.110940318	71	49.82472956	4.229437932	3.223614767		0.028233358	0			5.143428221	2.445267327	0	1.402354892	0	33.70293081	0
88		MG03_03	PM2.5	1.005704522	1.131593022	3.956834194	1.238840621	45	59.58865285	0	21.51336372		0.990945473	0			4.320061207	0	0	13.58697414	0	0	0
87		MG03_03	PM2.5	1.564429257	1.411344463	4.328128958	0.952872057	84	51.30112171	9.332907945	6.389841437		0.479270425	0			0	0	3.074176423	0	0	0	29.42267954
90		MG03_03	PM2.5	0.446979788	0.754395348	2.164064479	0.83376305	36	24.76485819	21.15965784	35.74996889		0.012572817	0.020845707			0.63323793	0	3.412209079	7.351869345	6.89477846	0	0
89		MG03_03	PM2.5	3.017113566	1.959976608	6.940385866	1.270473795	146	29.94354963	4.915053025	10.14314368		0	1.220123004		47.13789523	0	0	0	0	0	1.662923209	4.977314174
92		MG03_03	PM2.5	3.24060346	2.03127164	8.284963152	1.685564621	109	26.36132538	17.90823936	0.952775776		0	0			0	1.451916154	6.764048338	0	0	0	46.56168818
93		MG03_03	PM2.5	1.78791915	1.508790696	4.853219051	1.048339735	63	30.5747211	0	8.369246125		0	41.64129794			1.277225185	0	0	0.826558564	0	9.089146554	8.22180286
95		MG03_03	PM2.5	2.458388832	1.769213915	5.595808581	1.013596872	91	12.20080182	17.16613919	12.43174151		0	0			0.071974157	16.47813469	0	0	0	10.28207615	31.36913478
97		MG03_03	PM2.5	2.90536862	1.923338301	6.306546055	1.089361538	124	25.98982155	12.33283281	3.076020628	31.31925464	0	0.734132901			13.96322548	6.980248541	0	0	0	0.175432616	5.42902723
100		MG03_03	PM2.5	0.446979788	0.754395348	2.164064479	0.83376305	27	73.83648753	0	6.835994869		0.027094939	0.046971979			7.589466125	0	0	0	11.66398525	0	0
98		MG03_03	PM2.5	1.005704522	1.131593022	3.508641765	0.974087097	46	50.73403716	0	0.828467589		0	0.66801128			0	0	0	0	0	9.422875196	38.34660351
99		MG03_03	PM2.5	1.005704522	1.131593022	4.328128958	1.482245422	62	63.6097312	1.846011542	0.532214763		2.166495286	31.54676855			0	0	0.131364388	0	0.042302266	0.058045657	0.067056948
