Id	Area	Field	Class	Area (?m²)	ECD (?m)	Perimeter (?m)	Shape	Count	O Wt%	F Wt%	Mg Wt%	Al Wt%	Si Wt%	S Wt%	Cl Wt%	K Wt%	Ca Wt%	Fe Wt%	Br Wt%	Rb Wt%	La Wt%	Ce Wt%	Pr Wt%	Nd Wt%	Sm Wt%	Gd Wt%	Dy Wt%
2		OC01_02	PM2.5	0.670469681	0.923941834	3.060449336	1.111684066	17	64.25456405	0		9.0751715			4.053400457		0.056770624				0	0	0.235464494	0	0	22.32463509	0
1		OC01_02	PM2.5	0.335234841	0.653325536	1.978417097	0.929130466	11	56.81476593	0		0			0		1.09681543				3.808747232	4.080853611	4.567043111	5.19204326	6.331504136	7.950285822	10.15794277
3		OC01_02	PM2.5	0.223489894	0.533438066	1.530224668	0.83376305	7	40.02524316	0		0			0.3234189		0				44.86772716	0	0	6.649700552	3.124506958	0	5.009404197
4		OC01_02	PM10	8.157381124	3.22277834	11.15976511	1.214925058	281	45.13224363	8.249732107		14.16686028			3.499755636		0				11.33405194	0	0	0	0	0	17.61735827
6		OC01_02	PM2.5	0.223489894	0.533438066	1.530224668	0.83376305	2	0	26.75867677		0			1.241518091		1.91719979				6.432468444	6.860482693	7.640425861	8.652612567	10.50295159	13.18194419	16.8117106
7		OC01_02	PM2.5	1.229194416	1.251023157	4.590674005	1.364339536	26	44.56252456	0		5.043916032			6.85268268		1.930846274				16.02618992	12.0896548	0	0	13.49419206	0	0
5		OC01_02	PM2.5	1.117449469	1.192803778	3.694289147	0.971905435	60	40.02560675	0		8.975373209			0		0.783865992				29.35513854	11.73149943	0	6.828854233	2.299672551	0	0
10		OC01_02	PM2.5	0.335234841	0.653325536	1.978417097	0.929130466	24	0	0		26.24388039			0		1.374479104				0	0	31.39861226	0	10.70242897	22.9429245	7.337675989
8		OC01_02	PM2.5	1.340939363	1.306651072	5.563956525	1.837166224	42	71.47557735	0		1.513132267			12.99496889		14.01631236				0	0	0	0	0	0	0
9		OC01_02	PM2.5	0.558724735	0.84343964	2.612256908	0.971905435	13	80.73827028	10.13941243		1.754563674			3.859524056		0.085687259				0.307463785	0.330055086	0.37155305	0.422530342	0.515665952	0.647221738	0.828063581
11		OC01_02	PM2.5	1.117449469	1.192803778	4.142481576	1.22203435	39	36.81336045	0		11.51898801			9.433810413		34.28537846				2.440576069	2.543075383	0.405666325	0.45564021	0.549883442	0.684727402	0.868898723
12		OC01_02	PM10	5.698992292	2.693730193	8.470610535	1.001893351	135	22.82072604	18.47960502		50.82321167			0		0				2.825648338	0	0	0	0	5.050816759	0
15		OC01_02	PM2.5	0.446979788	0.754395348	2.164064479	0.83376305	15	0	2.014700882		0.091773854			2.027425915		0.016022255				3.556796536	19.85782832	26.75535083	40.1144743	4.250878841	0	1.314743608
14		OC01_02	PM2.5	0.446979788	0.754395348	2.612256908	1.214881794	13	35.94834805	9.033224732		0			0		10.37822887				0	0	0	0	3.20311971	0	41.43707156
16		OC01_02	PM2.5	1.564429257	1.411344463	4.590674005	1.071981064	48	70.0193584	0		0.235465984			0.108864822		19.5069328				0	0	6.152061746	0	0	0	3.97731103
18		OC01_02	PM2.5	0.782214628	0.997971241	3.246096719	1.071981064	34	34.10909772	8.655586094		0.036283338			0		0				1.187818218	3.361818567	0	0	38.93591464	10.81027985	2.903200686
13		OC01_02	PM2.5	2.346643885	1.728536893	8.656257917	2.540992152	44	29.19501066	0		7.505916804			0.627007848		0				0	0	33.24429095	18.89834106	7.253346592	3.276088089	0
17		OC01_02	PM2.5	2.681878726	1.847883667	6.67784082	1.32319279	81	41.01191759	3.539672121		17.18118489			0		0				6.296525896	27.0729363	4.477950558	0	0	0	0.419810181
19		OC01_02	PM2.5	2.90536862	1.923338301	6.940385866	1.319338172	68	22.14525789	0		0.131128589			2.118259296		0.161544885				0	0	25.701195	2.372606844	40.0123626	7.357646525	0
20		OC01_02	PM2.5	1.005704522	1.131593022	3.694289147	1.079894928	15	42.18993485	5.815070122		1.687637158			1.772367395		0.05379066				11.35169417	0	0	37.12950349	0	0	0
22		OC01_02	PM2.5	0.223489894	0.533438066	1.530224668	0.83376305	17	20.16098797	5.232634768		0			0.009433092		0.014580505				0	0	40.92538059	28.26475501	0	0	5.392222106
24		OC01_02	PM2.5	0.558724735	0.84343964	3.739334756	1.991502842	24	58.77091289	29.63982522		0.175679615			0.009350829		10.66758335				0.100880186	0.067766418	0.076216419	0.08649049	0.105217507	0.131778256	0.168316881
23		OC01_02	PM10	6.14597208	2.79737282	11.15976511	1.612536895	177	22.91258126	0		9.877678752			0.183171872		6.439264864				5.468804389	5.835371464	0	0	0	5.030234158	44.25288737
25		OC01_02	PM2.5	0.446979788	0.754395348	2.164064479	0.83376305	25	24.23953265	21.01479322		26.0566771			0.263623148		0				18.48845631	8.099712431	0	1.837210543	0	0	0
26		OC01_02	PM10	5.922482186	2.746040517	8.733155581	1.024775579	127	41.8025583	0		9.910256416			0.553327287		5.200895295				0	5.213780329	4.654420912	0	12.79269308	19.87207234	0
27		OC01_02	PM2.5	0.335234841	0.653325536	2.164064479	1.111684066	20	8.256240189	0		7.129021734			0.046046646		6.554485112				0	0	0	0	0	78.01421285	0
30		OC01_02	PM2.5	1.676174204	1.46088031	5.487058862	1.429388295	36	62.75818348	0		6.306582689			2.001337148		19.00400072				0	3.139089793	1.496679615	0	5.294132605	0	0
31		OC01_02	PM2.5	0.223489894	0.533438066	1.607122332	0.919665974	19	87.29662299	0		5.618261173			0.031884172		4.715137184				0.210575317	0.225884514	0.254228967	0.288875657	0.352132972	0.441653607	0.564748514
32		OC01_02	PM2.5	1.899664097	1.555225852	6.044001009	1.530249962	54	43.19708347	0		0.568998046			0.173517852		0.267460337				0	0	0	36.12858355	0	19.66435909	0
34		OC01_02	PM2.5	0.446979788	0.754395348	2.164064479	0.83376305	19	11.25018299	0		9.980068356			0.007325763		0.011106743				8.272470534	14.40254599	34.25888121	5.123810098	7.993207872	4.15998213	4.540421814
35		OC01_02	PM2.5	0.446979788	0.754395348	2.79790429	1.393695698	18	71.35688663	0		0			0.032030436		0				0.190020713	0.207527447	0.851247553	0	27.36228406	0	0
33		OC01_02	PM2.5	4.134563035	2.294403878	7.574225677	1.104172688	176	45.03765106	13.76036406		0	31.18104935		0.136177253		3.306959942				0.017830137	2.538071387	1.806733571	0	0	2.215165272	0
37		OC01_02	PM2.5	3.799328195	2.199421492	8.284963152	1.43768747	134	40.68847299	9.835962206		7.864844054			1.590972021		0.379137066				0	0	12.41237819	27.2282362	0	0	0
36		OC01_02	PM2.5	1.899664097	1.555225852	5.672706244	1.348012472	94	20.4247728	0		1.067425683			1.285785437		0				9.888547659	25.18911362	16.85827076	0	0	24.19642508	1.089669671
40		OC01_02	PM2.5	0.446979788	0.754395348	2.426609525	1.048339735	30	0	81.97155595		0			0.263173063		0				13.02229017	1.39155155	0	1.353704277	0.766407	0	1.231319737
41		OC01_02	PM2.5	1.117449469	1.192803778	3.694289147	0.971905435	42	21.70375139	21.92788571		0			0.102469721		7.24323988				12.60382086	36.41883135	0	0	0	0	0
43		OC01_02	PM2.5	0.223489894	0.533438066	1.530224668	0.83376305	12	25.91185272	3.530585393		1.244784053			0.009497686		4.380949587				0	0	0	0	2.332164906	2.558942698	60.0312233
46		OC01_02	PM2.5	0.223489894	0.533438066	1.530224668	0.83376305	27	87.70187497	0		10.49479395			0.024085806		0.043344728				0.15591156	0.16737039	0.188502693	0.21432119	0.261516613	0.328255189	0.42002527
47		OC01_02	PM2.5	1.005704522	1.131593022	3.508641765	0.974087097	44	0	0		0			0		66.77075028				3.096610121	19.76325363	7.154360414	0	0	1.4195255	1.79550536
45		OC01_02	PM2.5	0.782214628	0.997971241	3.246096719	1.071981064	28	0	0		50.90913773			0		0.077694567				32.03816414	13.77856135	0	3.196447715	0	0	0
52		OC01_02	PM2.5	2.123153991	1.644166543	5.224513816	1.023058353	84	57.48261213	20.03609091		0.73216334			0.369448098		17.62828231				0.54765013	1.884855889	1.318904944	0	0	0	0
48		OC01_02	PM2.5	0.558724735	0.84343964	2.689154571	1.029968091	25	8.156620711	0		2.692141011			0.010523517		0				3.346556053	19.40757781	25.48305094	38.67265284	2.230873331	0	0
50		OC01_02	PM2.5	0.558724735	0.84343964	2.874801954	1.177085747	30	9.00818333	25.22042394		18.29630286			14.48466629		0.041933893				18.90421063	0	0	10.02353281	4.020738229	0	0
53		OC01_02	PM2.5	0.223489894	0.533438066	1.530224668	0.83376305	5	43.05375516	51.87441111		0.272729038			0.064509414		0.115479296				0.414506346	0.445111748	0.501011265	0.570027204	0.696118642	0.873968098	1.118375361
54		OC01_02	PM2.5	0.893959575	1.066876133	3.431744101	1.048339735	27	59.317559	3.614852577		4.32488583			2.910465188		6.183199584				0	0	6.707582623	8.798200637	5.744339898	2.398910932	0
56		OC01_02	PM10	6.369461974	2.847779989	11.53105987	1.661214989	231	57.89926052	9.323578328		6.414466351			5.063757673		5.648214743				0	3.448367864	0	0	1.616160944	10.58619171	0
58		OC01_02	PM2.5	0.893959575	1.066876133	3.431744101	1.048339735	30	67.60991216	0		0.021580313			0		24.46890324				0	0	0	0	0	7.899600267	0
60		OC01_02	PM2.5	0.446979788	0.754395348	2.79790429	1.393695698	27	45.05100548	0		0			0.020649389		0.032849729				0	0.851096958	2.869054489	0.898928568	6.068236753	0	44.20818388
61		OC01_02	PM2.5	0.893959575	1.066876133	3.246096719	0.937983431	42	82.92888999	0		8.482655138			7.111308724		0				0.133129233	0.142777164	0.160698558	0.182547944	0.222435873	0.278927921	0.356622972
62		OC01_02	PM2.5	1.117449469	1.192803778	4.776321387	1.624610762	41	35.19883752	12.796323		0.153765304			0.006733288		3.630404174				30.08109629	15.54349214	0	2.589349076	0	0	0
64		OC01_02	PM2.5	0.782214628	0.997971241	4.033731857	1.65530586	45	95.49670815	0		0			0.059294183		0.10764664				0.388257136	0.417197356	0.469803577	0.534836017	0.653717062	0.821189396	1.051339507
63		OC01_02	PM2.5	0.670469681	0.923941834	3.060449336	1.111684066	27	34.80601907	0		0			0.00967346		0.131895265				24.36670363	0	0	26.87542439	12.74205148	1.068228204	0
65		OC01_02	PM2.5	1.676174204	1.46088031	5.038866433	1.205415236	86	63.19900155	19.37972903		2.655225433			2.380146272		7.309586555				0	0	0	3.207556531	0	1.868752204	0
67		OC01_02	PM2.5	0.335234841	0.653325536	1.978417097	0.929130466	18	1.252223458	9.729164094		0.487451162			0.017404863		0.026159437				14.4836694	36.67379618	19.64770854	8.983723074	6.006773189	0	2.69193314
66		OC01_02	PM2.5	0.670469681	0.923941834	3.87993653	1.786735369	46	36.48251891	10.64409986		0.281665241			0		0.012382014				0.780444406	1.390538178	2.509316988	2.909361012	0	44.14720535	0.842461549
68		OC01_02	PM2.5	1.564429257	1.411344463	4.590674005	1.071981064	84	51.21122003	2.77200453		0			1.401159167		15.23628235				8.614461124	10.42727977	0	2.311367355	3.737517074	4.288706183	0
69		OC01_02	PM2.5	0.782214628	0.997971241	3.060449336	0.952872057	33	77.04650164	0		0			8.358895779		0.178391382				0	0	6.083176285	0	2.302869782	4.587304592	1.442860998
71		OC01_02	PM2.5	1.005704522	1.131593022	3.431744101	0.931857543	54	97.84091115	0		0.87541528			0.01673456		0.0306136				0.110771751	0.118992571	0.134102395	0.152548403	0.186301745	0.23400425	0.299597764
73		OC01_02	PM10	5.810737239	2.72001111	8.918802963	1.089361538	193	43.35143268	0		25.89030862			0.681576133		2.285265177				0	4.4263836	6.806972623	9.008984268	1.185632963	6.338924915	0.024513295
72		OC01_02	PM10	60.11878143	8.749034798	42.58374566	2.40031194	1460	49.03289974	11.23981774		4.902638867	9.419447929	4.502279311	0	4.30425182	5.177665129				0.199438701	1.252333354	0	0	0	0	9.969235957
74		OC01_02	PM10	9.274830593	3.436434356	12.98438688	1.446528665	366	37.828058	0		0	54.44661975		1.542030089		0				0	1.072814409	3.087911196	0	2.022572979	0	0
75		OC01_02	PM2.5	0.670469681	0.923941834	2.874801954	0.980904789	20	11.56556085	3.065812774		11.99004352			0.008552652		0.013051325				0	8.919143677	17.68092364	39.52400088	1.943531446	0	5.289381742
78		OC01_02	PM2.5	0.335234841	0.653325536	1.978417097	0.929130466	3	4.639239609	0		0			0.080400339		0.114819966				0.659110676	0	0	0	0	36.79466546	57.71176815
79		OC01_02	PM2.5	1.117449469	1.192803778	3.956834194	1.114956559	52	57.43566155	0		40.02230763			0		0.063427049				0.224290206	0.240276847	0.270134187	0.306610414	0.373085123	0.467309495	0.596895441
80		OC01_02	PM2.5	1.005704522	1.131593022	3.694289147	1.079894928	20	0	0		0			8.841027319		0.035017024				7.663608342	9.998937696	0	0	72.66409993	0.797302742	0
81		OC01_02	PM2.5	0.335234841	0.653325536	1.978417097	0.929130466	20	31.57060444	0.919319503		4.735173658			0		0				0	0	0	44.33453679	11.0398829	7.400484383	0
83		OC01_02	PM2.5	0.335234841	0.653325536	1.978417097	0.929130466	13	72.38028049	6.678118557		0			0.012325023		9.458956122				1.987020485	4.840838909	1.823255606	0.62472024	0	2.194483206	0
85		OC01_02	PM2.5	1.45268431	1.360005555	4.328128958	1.026169907	50	73.51046801	0		0			0		16.82363302				0	0.166249904	0.579556031	1.327302773	0	0	7.592791319
84		OC01_02	PM10	5.922482186	2.746040517	10.8203224	1.57313783	185	70.25066614	8.149129152		11.18362546			0		2.146420069				2.3617981	1.026972104	0	0	0.066113973	4.815270379	0
93		OC01_02	PM2.5	0.893959575	1.066876133	3.246096719	0.937983431	19	0	64.04959559		7.19569549			28.06001902		0.075622939				0.262571592	0	0	0.35648928	0	0	0
92		OC01_02	PM10	10.83925985	3.714966255	12.42744473	1.133846304	321	50.94292164	20.78431845		15.17443955			0		0				0	0	0	0	0	0	13.09832782
94		OC01_02	PM2.5	0.670469681	0.923941834	3.508641765	1.461130645	11	0	11.63696647		0.253059971			0.014820772		1.517257933				19.78672296	26.856336	25.40682852	0	3.680126742	5.991765857	4.856108874
96		OC01_02	PM2.5	0.893959575	1.066876133	3.508641765	1.095847984	37	64.43008184	18.27546805		0			9.311398119		0.092994055				0	0	0	0	7.890059054	0	0
97		OC01_02	PM2.5	1.117449469	1.192803778	4.328128958	1.33402088	33	67.05774069	0		8.660686016			0		0				0	0	0	0	0	0	24.28156883
95		OC01_02	PM2.5	4.469797876	2.385607556	7.75987306	1.072041222	141	21.43888026	0		1.514308341			1.158280112		0			45.85489035	1.318022981	10.7070297	11.0665828	0	0	0	6.942013651
98		OC01_02	PM2.5	0.223489894	0.533438066	1.530224668	0.83376305	9	94.3292141	0		0			0.074987765		0.135711592				0.488863606	0.525321951	0.591408648	0.673381286	0.823180657	1.034080237	1.323850825
102		OC01_02	PM2.5	0.893959575	1.066876133	3.246096719	0.937983431	48	48.8750726	1.431920473		0			0.036806116		0.176926237				13.0345121	36.44475937	0	0	0	0	0
99		OC01_02	PM10	13.74462847	4.183324574	14.40586182	1.201532772	458	30.01311719	1.947852597		12.0295994	25.13217032		1.446229126		0				0	0	4.517443851	1.397767104	3.30863297	7.672357559	12.53483146
101		OC01_02	PM2.5	0.335234841	0.653325536	1.978417097	0.929130466	13	30.16856611	1.914656721		0			0.013048455		0.017257844				15.60700983	26.52061582	25.75884759	0	0	0	0
100		OC01_02	PM2.5	0.223489894	0.533438066	1.607122332	0.919665974	7	0	64.18486834		2.713513747			4.863459244		0.717388606				2.494153753	2.670959011	2.992058732	3.399083018	4.140602052	5.192509294	6.631408632
105		OC01_02	PM2.5	0.335234841	0.653325536	2.317859807	1.275308684	7	89.1828537	0		0			0.145724823		0.260279281				0.93261525	1.002121158	1.127066929	1.28371818	1.56968981	1.971905306	2.524030581
104		OC01_02	PM10	8.604360912	3.309896157	12.79873949	1.51497657	262	46.03461921	8.352274448		9.355019778	24.92789179		0.594114885		0.612155395				0	0	0	0	0	4.666997865	5.45691587
106		OC01_02	PM2.5	0.335234841	0.653325536	1.978417097	0.929130466	26	42.56414473	14.91770595		5.845373124			0.010338186		0.017183322				0	0	0	36.64524853	0	0	0
107		OC01_02	PM2.5	0.223489894	0.533438066	1.530224668	0.83376305	14	38.64367604	15.6001091		0.187954004			0		0.348849851				33.61678123	0	0	0	0	11.60263121	0
109		OC01_02	PM2.5	0.223489894	0.533438066	1.530224668	0.83376305	4	27.24850774	0		0			0.088563713		11.95339933				32.01276064	28.69676352	0	0	0	0	0
108		OC01_02	PM2.5	2.458388832	1.769213915	5.410161198	0.947458011	70	33.62979889	0		1.375195757			3.365648165		2.136174031				44.09008622	0	0	4.589658231	0	10.81344709	0
111		OC01_02	PM2.5	0.446979788	0.754395348	2.164064479	0.83376305	18	38.45419586	0		0			0.018845429		0.025517002				19.71256882	41.78886712	0	0	0	0	0
110		OC01_02	PM10	7.59865639	3.110451704	12.76688744	1.706960174	302	41.17673337	13.65757734		0			0.890208501		0.315584079				0	1.318494696	15.82895219	24.50204641	0	1.183027495	1.127372868
112		OC01_02	PM10	40.45167078	7.176675197	27.28149898	1.464165367	761	34.41264331	5.176543072		4.880985618	12.32405007		0		32.45332837				0.535612274	0	0	3.108727932	0	7.108099759	0
114		OC01_02	PM2.5	0.223489894	0.533438066	1.530224668	0.83376305	7	0	9.627930075		0.228622998			43.77936125		0				16.98538512	10.89806184	2.487305552	2.803768776	3.423936293	4.303159937	5.462464318
115		OC01_02	PM2.5	1.005704522	1.131593022	4.142481576	1.357815944	57	68.86706352	0		11.95754632			10.1312831		0				9.04410854	0	0	0	0	0	0
118		OC01_02	PM2.5	0.223489894	0.533438066	1.530224668	0.83376305	4	67.33083129	0		0			0		0.818386115				2.870912105	3.079649992	3.451835364	3.92793864	4.795887321	6.023404002	7.701158524
119		OC01_02	PM2.5	3.128858513	1.995942481	6.306546055	1.01155	79	40.49751461	1.62056759		0.824191142			0		22.11735398				3.473747894	0.023020127	0	0	1.566716656	26.78322494	3.093662299
121		OC01_02	PM2.5	0.223489894	0.533438066	1.530224668	0.83376305	29	24.60983545	0		1.204787474			0		0.010404164				24.49959219	15.77523053	0	0	27.50756741	4.938494042	1.454091817
123		OC01_02	PM2.5	1.340939363	1.306651072	4.142481576	1.018361958	47	45.60059905	0		6.097074598			0		0.66523063				0	16.1338836	27.67048776	2.744753473	0	0	1.087972987
126		OC01_02	PM2.5	0.223489894	0.533438066	1.530224668	0.83376305	21	93.76093745	0		0.605018903			0.076484872		0				0.497608678	0.534714479	0.601964165	0.685402285	0.837875251	1.052533183	1.347463671
129		OC01_02	PM2.5	1.676174204	1.46088031	4.776321387	1.083073842	69	71.31051421	0		4.352742806			11.12869829		9.658229351				0	0	0	0	0.510864099	3.038961254	0
132		OC01_02	PM2.5	3.352348407	2.065996747	6.492193438	1.00051566	82	67.02613831	0		11.49950176			0.260076928		0				0	4.834755883	15.24450779	1.135019958	0	0	0
134		OC01_02	PM2.5	0.558724735	0.84343964	2.612256908	0.971905435	27	32.95907974	38.27902675		0			0.545705436		0.040120093				13.23865652	0	0	0	2.221684158	12.71573454	0
135		OC01_02	PM2.5	0.558724735	0.84343964	3.246096719	1.50077349	23	76.34334564	0		0.049852103			19.38815415		0.105539337				0.372458086	0.398942223	0.448333379	0.508852303	0.619091606	0.775319804	0.990111753
137		OC01_02	PM2.5	0.335234841	0.653325536	1.978417097	0.929130466	11	51.68433189	45.47397196		0.259088818			0.034347072		0.061957526				0.223072758	0.239543896	0.269781449	0.306861196	0.374648767	0.470386073	0.602004491
143		OC01_02	PM2.5	1.564429257	1.411344463	4.513776341	1.036368677	56	47.18171358	22.81426191		0			2.394503728		0				11.12889275	9.104304016	0.584722543	0	6.791594625	0	0
147		OC01_02	PM2.5	2.681878726	1.847883667	6.306546055	1.180141667	81	41.77010357	8.980350941		0			0		17.92302579				12.37716004	0	0	13.50220293	1.074952539	0.369971571	4.002234712
149		OC01_02	PM2.5	0.782214628	0.997971241	3.060449336	0.952872057	42	33.39892924	35.84169447		6.869249046			1.465495117		0.036042897				0	0	0	22.38858193	0	0	0
150		OC01_02	PM2.5	2.234898938	1.68687928	7.094181194	1.791995027	117	30.36838174	0		17.75406152			1.73509866		0				0	0	15.33310562	21.65539712	5.388397351	7.765559852	0
148		OC01_02	PM10	55.64898356	8.417510706	29.47741552	1.242543799	1411	34.47217941	2.874699049	4.058132321	2.371026948	21.44701034		0		9.302776307	19.84963864			0	0	0	0	2.244772203	3.379768506	0
153		OC01_02	PM2.5	1.564429257	1.411344463	4.328128958	0.952872057	12	67.19939113	0		2.014411613			0.252351561		0.432474539				30.10136485	0	0	0	0	0	0
157		OC01_02	PM10	16.09127235	4.526372089	25.00868478	3.093010936	252	40.41347206	4.881308973		3.089066409			0		12.4973841				0	0	17.298159	19.27889585	0	0	2.541709505
159		OC01_02	PM2.5	0.782214628	0.997971241	3.246096719	1.071981064	14	83.28237534	0		0			7.995121181		0				0	0.925893895	1.040806249	1.183912065	1.443801168	1.811411977	2.31667906
160		OC01_02	PM2.5	0.558724735	0.84343964	2.612256908	0.971905435	14	5.192650855	16.61428213		0.186315249			0.814535562		3.356712684				0	0	0	0	4.640765116	59.45475101	9.739974141
158		OC01_02	PM10	14.63858804	4.317224708	16.5699263	1.492561038	495	44.62107718	2.167899907		13.70718628	21.06839716		1.174803171		0.246509258				3.423584625	2.51806546	1.407012995	2.873264626	2.949666604	3.842521086	0
162		OC01_02	PM2.5	0.670469681	0.923941834	2.79790429	0.929130466	18	88.53180408	0		0			0.178930443		0.909278821				0	0	8.435411751	0	0.681416364	1.263157837	0
163		OC01_02	PM10	8.380871018	3.26662768	18.43959368	3.228521429	281	49.94417131	0		1.01561714			0		2.502970211				8.377633989	9.643791616	10.10393649	0	0	18.41187775	0
166		OC01_02	PM10	6.14597208	2.79737282	10.52592529	1.434564633	155	39.49571252	20.53284943		3.071314842			6.798841804		0.113218918				4.872145504	3.838334978	4.302299768	7.059262693	9.91601944	0	0
169		OC01_02	PM2.5	0.893959575	1.066876133	3.246096719	0.937983431	31	51.12034678	0		0			0		0.555060571				0	0	0	5.914660916	29.92139161	0	12.48853579
171		OC01_02	PM2.5	0.558724735	0.84343964	2.612256908	0.971905435	21	0	0		0			0		0				1.405977365	2.778949216	4.446677864	4.745825753	0	72.99813628	13.62443715
167		OC01_02	PM2.5	0.446979788	0.754395348	2.426609525	1.048339735	25	67.27138162	0		3.18232514			0.018547238		3.88738364				0	0	11.14862487	0	3.897141293	8.005384356	2.589215524
168		OC01_02	PM2.5	0.446979788	0.754395348	2.79790429	1.393695698	24	80.75149655	0		16.94674492			0.031263623		0.055626826				0.199257955	0.213805609	0.240688003	0.273563596	0.333615905	0.418563001	0.535369106
173		OC01_02	PM2.5	0.446979788	0.754395348	2.164064479	0.83376305	9	15.84046185	0		7.044795156			5.288114771		67.000705				0.689946627	0.457908073	0.509314192	0.572227826	0.68442123	0.845315214	1.066800114
176		OC01_02	PM2.5	0.782214628	0.997971241	3.246096719	1.071981064	13	14.72673714	0		0			0.028523948		0.043172648				0	0	47.73005545	37.47151196	0	0	0
175		OC01_02	PM2.5	0.893959575	1.066876133	4.21937924	1.584781449	44	25.36830902	21.17183954		0.855012517			0		0.008099344				2.095247619	3.886609524	24.82433766	8.485585451	6.976184994	3.211064637	3.117723577
180		OC01_02	PM10	9.833555328	3.53842783	15.67354145	1.98798839	190	50.69566965	2.659854107		3.068602085			0.908684637		0.190210948				8.634460717	0	0	0	0	6.193427369	27.64909565
181		OC01_02	PM2.5	1.676174204	1.46088031	4.776321387	1.083073842	41	18.27652007	0		10.90632901			3.222538531		2.816552855				44.11053658	17.90836453	0	2.759154886	0	0	0
182		OC01_02	PM2.5	0.782214628	0.997971241	3.246096719	1.071981064	17	6.281714141	0		2.355086245			0		0.010686633				0	0	24.74517077	16.18990451	6.193541363	35.18197834	9.041919559
184		OC01_02	PM10	5.922482186	2.746040517	8.841905299	1.050456544	182	43.88971925	0		6.889495254			0		4.625199735				31.71149194	4.929706454	0	7.954393327	0	0	0
183		OC01_02	PM2.5	2.011409044	1.600314199	5.224513816	1.079894928	78	81.81555867	0		11.24453992			0		6.296683848				0.086779788	0.059209799	0.066625263	0.075639709	0.092086167	0.115402846	0.147477409
186		OC01_02	PM2.5	0.670469681	0.923941834	3.322994383	1.310600129	28	17.94021726	0		0			0.010923976		0				0	0	42.88663268	27.26133168	5.423660949	0	6.477238983
188		OC01_02	PM2.5	0.670469681	0.923941834	2.79790429	0.929130466	10	0	0		0.636431156			0.01294969		0				7.693178207	27.30282247	27.20706165	29.88295555	5.125883222	0	2.138707973
187		OC01_02	PM2.5	0.446979788	0.754395348	2.426609525	1.048339735	20	36.8581444	8.211611956		0			9.960607439		0				10.86436138	18.99237931	0	0	3.154072165	1.447086316	10.51173136
189		OC01_02	PM2.5	2.123153991	1.644166543	5.147616152	0.99316396	64	81.91977143	0		0.580890523			0.008626977		11.22558638				0.648787664	0	0	0	0	0	5.616342649
190		OC01_02	PM2.5	0.782214628	0.997971241	3.246096719	1.071981064	44	50.85381269	17.01158732		0.496376399			2.506651916		10.60783044				0	0	0	0	13.70525062	0	4.8184935
192		OC01_02	PM2.5	0.335234841	0.653325536	1.978417097	0.929130466	13	27.10212469	63.43400478		7.33435303			0.176093681		0.047858022				0.171441212	0.183954323	0.20709387	0.235369825	0.287022628	0.360099948	0.460587116
193		OC01_02	PM2.5	0.335234841	0.653325536	1.978417097	0.929130466	16	64.20847774	34.85910892		0.285293511			0		0.048037677				0.173689018	0.186479941	0	0.238910434	0	0	0
195		OC01_02	PM2.5	0.335234841	0.653325536	2.164064479	1.111684066	5	74.01618958	0		6.15897961			0.05463431		0.094544108				0	0	9.299086779	1.629537158	3.651763499	3.603706881	1.491561066
196		OC01_02	PM2.5	3.911073142	2.231531534	7.311680631	1.087748831	140	10.67297831	15.64121097		14.63843286			2.856110968		1.568079181				7.941193134	24.97324198	0	0	0	21.70875967	0
197		OC01_02	PM2.5	2.123153991	1.644166543	5.224513816	1.023058353	40	54.81140018	18.86715591		0.840175804			5.877931044		5.229375511				0	3.036641143	11.33732945	0	0	0	0
194		OC01_02	PM2.5	4.581542823	2.415243569	8.09931577	1.139396939	181	40.93550146	19.0005973		9.121830016			0		4.575248063				0	8.317490667	5.879196525	12.17013523	0	0	0
198		OC01_02	PM10	21.45502981	5.226604288	21.23749797	1.672891269	443	60.52153707	0.838397443		5.542734638	22.77441323		1.955690235		0				0	0	2.453780361	0	0.395180564	0	5.518282205
200		OC01_02	PM2.5	0.782214628	0.997971241	3.060449336	0.952872057	8	0	0		82.8540206			0.093130127		12.41685525				0	0	0.631140545	0.713072158	0.860551279	1.070757862	1.360466052
203		OC01_02	PM2.5	1.005704522	1.131593022	3.431744101	0.931857543	57	34.37662721	4.704192281		4.35597524			0.760780275		0				1.072531193	0	0	10.48097834	32.04115033	12.20777184	0
202		OC01_02	PM2.5	2.123153991	1.644166543	5.487058862	1.128464444	71	22.56875634	12.7570942		8.619385958			0.004006263		0				9.797104448	27.96427906	7.323990762	5.94179593	0	0	5.023596808
205		OC01_02	PM2.5	0.782214628	0.997971241	3.246096719	1.071981064	28	71.65204883	26.79277658		0.012139403			0.020790899		0				0.136483216	0.146585272	0.165159639	0.187857705	0.229376811	0.288050994	0.368728349
201		OC01_02	PM2.5	0.782214628	0.997971241	3.246096719	1.071981064	28	11.79661378	37.86740601		0.711703207			2.183191106		0.365745975				5.808085576	7.17222169	7.532308251	12.11940423	14.44332451	0	0
204		OC01_02	PM2.5	2.793623673	1.88598837	6.120898673	1.067216704	92	53.21010947	29.24780846		2.980739251			0		13.66867274				0	0	0	0.892672036	0	0	0
206		OC01_02	PM2.5	1.117449469	1.192803778	3.956834194	1.114956559	34	54.83971238	0		2.411161922			1.192410104		38.60687315				0.394351874	0.277330005	0.310245436	0.350411283	0.422896305	0.526209129	0.668377988
207		OC01_02	PM10	9.721810381	3.518265684	12.24179735	1.226685866	401	46.09337449	4.00130339		13.2649973	30.32450974		0.267578079		0.24282597				0	0	0	1.608977281	0	4.196425527	0
209		OC01_02	PM10	11.28623964	3.790789709	13.1381822	1.217058432	372	53.74108553	0.171786989		0	16.30751789		0		19.38539296				0	0	0	0	10.07433757	0.319879921	0
210		OC01_02	PM2.5	0.223489894	0.533438066	1.607122332	0.919665974	8	62.15159893	15.57603478		17.38555133			0.067420152		0.11865889				0.42321803	0.454037078	0.510763843	0.58060009	0.708076265	0.888222083	1.135816146
211		OC01_02	PM2.5	0.446979788	0.754395348	2.426609525	1.048339735	28	49.52250421	48.58407676		0			0.241136341		0				0.48261676	0.300297653	0.11594682	0.131824682	0.160922168	0.20207006	0.258603087
208		OC01_02	PM2.5	0.446979788	0.754395348	2.164064479	0.83376305	14	0	28.57705653		0			0.121699669		0.184655329				0	0	0	0	0	71.11657858	0
213		OC01_02	PM2.5	2.90536862	1.923338301	6.492193438	1.154441146	100	59.13677812	3.775967658		0			0		0.105840724				0	0	0	0	0	36.98141277	0
214		OC01_02	PM2.5	2.681878726	1.847883667	5.858353627	1.018361958	100	72.38416076	0		0			0.805399846		0				0	0	0	0	0	26.8104434	0
215		OC01_02	PM2.5	0.223489894	0.533438066	1.530224668	0.83376305	22	48.08742106	0		0			0.148260675		47.15233445				3.850314766	0.376005052	0	0.385661586	0	0	0
217		OC01_02	PM2.5	1.229194416	1.251023157	4.142481576	1.110940318	38	0	7.967270166		0			0.013547549		0				0	0	42.07317233	22.91870564	14.98274654	6.883292645	5.161280558
216		OC01_02	PM2.5	0.893959575	1.066876133	3.246096719	0.937983431	49	51.33309364	0		28.20394635			16.56306982		0.032875891				0.114436983	0	0	0	0	3.75258252	0
218		OC01_02	PM2.5	2.570133779	1.808976496	5.781455963	1.034924934	72	0	26.85703933		30.99158406			13.93151134		0.106366887				13.11460733	0	0	0	0	14.99888897	0
220		OC01_02	PM2.5	0.223489894	0.533438066	1.530224668	0.83376305	4	81.68923855	0		0			0.253239111		0.444346061				1.580430567	1.697504707	1.90678928	2.171643637	2.654746734	3.334872797	4.267187789
221		OC01_02	PM2.5	1.229194416	1.251023157	4.405026622	1.256222687	44	23.82190675	0.132831163		6.914574653			0.029768574		1.521037333				6.99563399	12.98543364	30.8611095	4.613223672	7.740978152	3.720700368	0.662812265
223		OC01_02	PM10	9.051340699	3.394779067	14.93095192	1.959982607	320	69.96377707	0		0			0		1.30545143				0	4.992186651	0	0	0	23.73858988	0
224		OC01_02	PM2.5	1.340939363	1.306651072	4.699423723	1.310600129	48	39.84431624	0		1.702441461			0		7.750619203				8.337486535	34.27855074	5.477607623	0	0	0	2.608972229
222		OC01_02	PM2.5	0.335234841	0.653325536	2.164064479	1.111684066	18	47.91056812	51.21988654		0.225003879			0.035127523		0.06364907				0.229805172	0	0	0.315964362	0	0	0
228		OC01_02	PM2.5	0.558724735	0.84343964	2.874801954	1.177085747	22	54.08178568	31.83094859		1.799434982			0.015262605		9.779377282				0.125928596	0.108862331	0.122373109	0.13884753	0.1691296	0	1.828053221
227		OC01_02	PM2.5	1.676174204	1.46088031	4.590674005	1.00051566	61	32.75330365	52.4364531		2.568876371			0		0				0.178590615	0	0	12.06277534	0	0	0
229		OC01_02	PM10	34.75267849	6.651953438	29.02922309	1.929623943	1202	46.94532752	0		0	21.26673013		0.021997892		0.206436357		27.0126164		2.757437341	0	0	0.235338882	0.431456137	1.122662798	0
230		OC01_02	PM10	8.604360912	3.309896157	12.61309211	1.471345455	254	39.76218104	5.600890145		13.17483038	18.96619201		0		1.967120357				0	0	5.979135633	0	1.470651571	5.448646843	7.630358636
232		OC01_02	PM2.5	0.670469681	0.923941834	2.79790429	0.929130466	35	23.56678694	5.597580597		1.822762564			3.496087715		0.009911779				3.349239379	7.072924078	11.80945858	26.18155181	0.447138073	12.85217553	3.794381395
234		OC01_02	PM2.5	1.229194416	1.251023157	4.590674005	1.364339536	40	71.99926376	0		2.695143595			0.0098196		3.589414433				4.802516475	0	0	14.91962522	0	0	1.98420696
235		OC01_02	PM2.5	0.558724735	0.84343964	2.612256908	0.971905435	17	86.962533	0		0			0		0				11.14044115	0	0	1.89702604	0	0	0
																											
																											
																											
																											
