Id	Area	Field	Class	Area (?m²)	ECD (?m)	Perimeter (?m)	Shape	Count	O Wt%	F Wt%	Al Wt%	Si Wt%	Cl Wt%	K Wt%	Ca Wt%	La Wt%	Ce Wt%	Pr Wt%	Nd Wt%	Sm Wt%	Gd Wt%	Dy Wt%
1		OC01_01	PM2.5	0.223489894	0.533438066	1.530224668	0.83376305	15	63.27766776	0	2.401889861		1.996036433		0.041073532	0	0	12.51928806	0	5.979198962	10.69874093	3.086112253
2		OC01_01	PM2.5	1.117449469	1.192803778	4.590674005	1.50077349	54	17.46989936	0	6.420635432		59.3378365		0.063178845	0	0	0.248128199	0	2.760169841	13.70015442	0
3		OC01_01	PM10	9.38657554	3.457073787	11.34541249	1.091248192	279	44.95400488	6.129811704	0.706294412		0		25.63777566	7.048594952	10.31092256	0	0	0	1.695345156	3.517251834
4		OC01_01	PM2.5	3.911073142	2.231531534	8.547508198	1.486528535	167	62.01716065	1.566853188	2.185681276		2.63654422		3.739614785	0	0	0	0	1.355096512	4.027030244	22.47203439
5		OC01_01	PM2.5	1.117449469	1.192803778	4.776321387	1.624610762	54	13.61907423	14.91321027	0		13.43293786		7.971583307	1.501620095	0	0	22.69836664	16.79806709	6.144930422	2.920220047
7		OC01_01	PM2.5	0.335234841	0.653325536	2.240962143	1.192092698	27	55.38980961	25.83402395	0		0		0.028148788	7.748635858	7.896760851	0	0	0	3.102628142	0
8		OC01_01	PM2.5	0.223489894	0.533438066	1.530224668	0.83376305	15	40.92198312	0	0		44.47599053		0.094517268	0.320067373	0.341491052	0.972056575	1.010555774	4.050639272	0	7.812698931
9		OC01_01	PM2.5	1.899664097	1.555225852	5.038866433	1.063601679	123	29.9878031	0	0.576199079	32.01684058	0		0	3.035555221	12.33183369	6.294060498	7.240021974	8.517687023	0	0
10		OC01_01	PM2.5	0.446979788	0.754395348	2.426609525	1.048339735	37	90.03961682	0	0		0		9.271726012	0.097101135	0.085630472	0.096364686	0.109414628	0.133197103	0.166944112	0
13		OC01_01	PM2.5	3.687583248	2.166835669	6.940385866	1.03947856	120	46.14944756	0	0	44.15883422	1.291657146		0.942940544	0	0	2.113675512	0	1.372052357	2.594548278	1.376842335
14		OC01_01	PM10	6.034227133	2.771825501	9.923937539	1.298782795	217	39.08166587	5.395046994	0	26.2852788	1.087614335		1.012650225	7.864963263	7.042960823	3.954389319	0	8.275426924	0	0
15		OC01_01	PM2.5	0.335234841	0.653325536	2.164064479	1.111684066	15	75.8387208	0	0.214199978		0.347446511		0	2.120379359	2.276644669	2.555027604	2.909514494	3.555913642	4.467213526	5.714942515
16		OC01_01	PM2.5	0.558724735	0.84343964	3.060449336	1.33402088	51	61.44195795	0	5.43394275		12.90616691		0	0.490446109	1.295583695	0	0	0	18.43190342	0
17		OC01_01	PM2.5	1.78791915	1.508790696	5.224513816	1.214881794	63	67.62005091	0	0		0.798563752		0	0	0	1.587342843	0	0	7.535920292	22.4581182
18		OC01_01	PM2.5	1.899664097	1.555225852	5.224513816	1.143418159	82	25.62249899	14.94879127	7.452762127		2.674618363		5.464603007	0	10.91276854	6.119803712	0	18.56419593	5.77827096	2.461686917
20		OC01_01	PM2.5	4.805032717	2.473450559	9.629540438	1.535694785	131	58.01576376	27.65252292	2.098537795		2.181825601		0	6.43787235	3.464147449	0	0.149323593	0	0	0
25		OC01_01	PM2.5	0.223489894	0.533438066	1.530224668	0.83376305	13	95.82904577	0	0		0.054845616		0.099669176	0.359624159	0.386423781	0.435185386	0.495396554	0.60547539	0.760581437	0.973749068
26		OC01_01	PM2.5	2.458388832	1.769213915	5.410161198	0.947458011	99	63.91046643	5.687110871	1.337714773		0		26.52063072	0.665631099	1.494598854	0.099039357	0	0.284802145	0	0
32		OC01_01	PM2.5	0.782214628	0.997971241	3.771186811	1.446839294	37	43.83731484	0	5.107675493		5.157302693		0.025651694	4.405679181	0	0	10.8798936	0	13.70255351	16.88392609
33		OC01_01	PM2.5	0.335234841	0.653325536	1.978417097	0.929130466	21	79.81863618	0	0		0.194895454		0	5.452081934	3.49678956	1.465652045	1.667152345	2.043070644	2.571732923	3.289984167
35		OC01_01	PM2.5	0.670469681	0.923941834	3.060449336	1.111684066	48	30.53825498	30.27026653	0		0		0.028485435	0	0	21.08369619	15.10246843	0	0	2.976827696
38		OC01_01	PM10	6.034227133	2.771825501	9.290097728	1.138175015	199	37.2764349	0	0		0.317079294		27.77133882	0	0.329280249	10.53521782	20.39995044	3.370695561	0	0
44		OC01_01	PM2.5	2.234898938	1.68687928	5.858353627	1.22203435	73	66.16147757	0	0		2.518512867		0	0	0	0	8.535643667	5.163301155	0	17.62106419
48		OC01_01	PM2.5	3.128858513	1.995942481	6.306546055	1.01155	87	47.83665836	0	0		0		0	32.93043077	19.23289895	0	0	0	0	0
50		OC01_01	PM2.5	0.893959575	1.066876133	3.246096719	0.937983431	27	9.134166688	17.67352521	1.18985353		4.424746335		0.484636799	0	0	0	67.09307432	0	0	0
52		OC01_01	PM10	5.922482186	2.746040517	10.71157268	1.541675073	206	67.27243066	0	8.025351912		2.461830154		2.215257846	0	0	0	0	7.051909715	12.97321469	0
54		OC01_01	PM2.5	0.446979788	0.754395348	2.164064479	0.83376305	18	0	16.78720713	29.01065648		0.17816755		0.275924383	0	0	25.54069459	4.445768893	9.88631323	9.819382429	4.05588001
55		OC01_01	PM2.5	4.022818089	2.263186044	8.208065488	1.332727525	122	52.73065567	8.005190641	8.515201509		1.155741047		3.427980095	1.841236465	0	0	0	0.37402343	0	23.9499718
56		OC01_01	PM2.5	0.335234841	0.653325536	2.164064479	1.111684066	24	18.0869028	12.67228276	0.157644926		0.010399231		8.394206315	0	0	0	8.620665967	12.63112575	0	39.42678273
57		OC01_01	PM2.5	1.117449469	1.192803778	3.87993653	1.072041222	56	44.20361221	27.24842727	26.63407028		0.071651407		0.573788444	0.150963059	0.161819078	0.182058825	0.206715055	0.251589646	0.315315044	0
59		OC01_01	PM2.5	0.335234841	0.653325536	2.164064479	1.111684066	14	70.30894756	0	9.927989542		0.017446581		18.38822216	0.175929791	0.126693747	0.142234005	0.161152857	0.195521698	0.24434498	0.311520463
60		OC01_01	PM2.5	2.570133779	1.808976496	6.569091101	1.336118496	75	62.3863399	0	0		0		4.515107349	5.954813585	12.47411072	11.59370318	0	0	0	3.075922839
61		OC01_01	PM2.5	0.223489894	0.533438066	1.530224668	0.83376305	12	77.3743391	0	0		0.245953118		20.26127726	0.338977529	0.190700858	0.214105798	0.242630206	0.29449393	0.368124316	0.469402364
62		OC01_01	PM2.5	4.358052929	2.35559872	7.574225677	1.047548447	130	73.71172309	0	8.839219064		1.422962919		9.467463195	0	6.558627635	0	0	0	0	0
63		OC01_01	PM2.5	0.446979788	0.754395348	2.426609525	1.048339735	17	76.47413611	0	0		0.032484235		21.00328356	0.234650169	0.241824333	0.271456456	0.307601946	0.373255578	0.466514099	0.594801409
66		OC01_01	PM2.5	1.229194416	1.251023157	3.87993653	0.974582929	36	43.94902289	5.308040604	0.0053652		10.13402194		39.65930343	0.640373258	0	0	0.303869974	0	0	0
68		OC01_01	PM2.5	0.223489894	0.533438066	1.530224668	0.83376305	8	72.80607224	0	0		0.033701531		0.058062223	4.26791124	13.65475804	8.894024044	0.285468739	0	0	0
69		OC01_01	PM2.5	0.558724735	0.84343964	2.612256908	0.971905435	19	32.48282671	18.1753993	4.28221561		0		2.262487262	0	0	12.3731643	15.51761031	9.08447206	4.347267747	1.474560518
70		OC01_01	PM2.5	0.558724735	0.84343964	2.612256908	0.971905435	48	16.96492881	8.054368198	0.095329835		0		1.506819855	36.22428775	0	0	33.70954096	0	3.444720432	0
71		OC01_01	PM10	22.12549949	5.307641745	23.13901741	1.925692229	652	58.18823576	2.007911727	9.89889577	20.10701746	0.095885625		1.381878089	0	0.287698396	5.862006173	0	2.170475014	0	0
72		OC01_01	PM2.5	2.90536862	1.923338301	8.733155581	2.088965603	68	76.42862201	0	0.005500306		6.64357841		11.07224673	2.929874696	2.748149633	0	0	0	0	0.172022788
73		OC01_01	PM2.5	3.687583248	2.166835669	9.706438101	2.033143729	120	70.49508095	0	7.175021619		0.796258636		0	12.43518665	0	0	5.065919831	0	0	4.032522812
74		OC01_01	PM2.5	0.446979788	0.754395348	2.164064479	0.83376305	9	59.09159184	0	0		0.049034553		0.081986137	6.793117523	17.21235067	6.583303213	2.204665355	0	7.983952761	0
75		OC01_01	PM2.5	0.782214628	0.997971241	3.246096719	1.071981064	37	11.8511498	4.99006696	12.3979263		0.009694008		0	32.66803622	5.880522355	11.0383153	19.84645873	0	0	1.317821909
76		OC01_01	PM10	12.96241384	4.062543279	17.20376612	1.816984877	412	57.69696236	0.172721001	6.754221022	14.61749375	0.464055082		2.558976598	1.274347771	4.040860385	7.704620063	4.71573323	0	0	0
78		OC01_01	PM2.5	0.223489894	0.533438066	1.530224668	0.83376305	5	0	30.94185591	0.254461751		62.21815944		0.177747733	0.594871817	0.632889941	0.707060657	0.797986705	0.961769931	1.1957095	1.517480519
79		OC01_01	PM2.5	0.223489894	0.533438066	1.530224668	0.83376305	20	34.32033658	27.18384862	0.560441846		0.026830324		24.67795759	4.505665973	8.034232259	0.216107676	0	0	0	0.474569621
82		OC01_01	PM2.5	0.223489894	0.533438066	1.530224668	0.83376305	11	0	0	62.35178709		0.610824255		2.129795216	3.21101211	3.423851728	3.82232964	4.325820133	5.239960179	6.548559666	8.336056024
83		OC01_01	PM10	30.84160535	6.266478401	25.56562693	1.686421206	1021	48.46812785	4.905848205	2.300428785	35.317114	0		1.113209408	0	2.741247229	0.750807114	1.080623921	0	2.49457676	0.828035735
84		OC01_01	PM2.5	1.117449469	1.192803778	4.590674005	1.50077349	50	36.80743873	11.97244525	0		0.004887725		0.452649593	3.858975321	12.4928318	13.43309581	16.10773653	4.869930819	0	0
85		OC01_01	PM2.5	3.017113566	1.959976608	9.104450346	2.186280804	94	51.17694139	2.001645975	0		0.006211198		0.90751471	0	0	1.503915619	0	0	31.08612001	13.31764609
87		OC01_01	PM2.5	0.335234841	0.653325536	1.978417097	0.929130466	43	29.98791635	8.85687694	0		0.008393142		0.698643737	7.477303594	6.801987439	0	0	6.191603839	0	39.97727036
88		OC01_01	PM2.5	2.793623673	1.88598837	8.733155581	2.172524227	82	57.66236186	36.11268997	0		1.224253327		0	0	0	0.241381675	0.088873436	2.335145138	2.335307188	0
90		OC01_01	PM10	6.592951867	2.89731031	9.738290157	1.144657746	285	45.86769938	8.447233588	9.012056142	20.82977593	0		2.192565426	1.730952971	0	0	0	5.116027221	0.605754368	6.197943166
91		OC01_01	PM10	6.48120692	2.872651902	12.42744473	1.896260198	148	45.97337544	3.732056543	15.51017463		0		2.889315225	0	6.874993443	6.839773804	0	10.08726284	0	8.093050122
92		OC01_01	PM2.5	4.134563035	2.294403878	9.629540438	1.784726372	95	55.52766323	0	12.85603642		1.062648464		2.083013207	0	20.94935328	7.521293312	0	0	0	0
94		OC01_01	PM2.5	0.335234841	0.653325536	1.978417097	0.929130466	10	1.710931398	5.940905586	0.176995073		0.0166472		0.025018648	24.323304	67.80620217	0	0	0	0	0
95		OC01_01	PM2.5	0.223489894	0.533438066	1.530224668	0.83376305	10	60.13925076	0	0		29.09113467		0.275750365	0.956476945	1.022641547	1.146635413	1.29984105	1.578223892	1.973556913	2.516495436
96		OC01_01	PM2.5	1.229194416	1.251023157	4.667571668	1.410430034	48	38.84638846	1.187523175	3.28880623		0		0.67025139	5.873728916	10.22484452	24.37367588	3.656243533	5.719739199	2.944954671	3.213848919
97		OC01_01	PM2.5	0.670469681	0.923941834	2.79790429	0.929130466	29	77.0278275	0	2.235724218		0.021300133		0	0	0	1.276907139	0.310515356	0	0	19.12772357
98		OC01_01	PM2.5	2.123153991	1.644166543	5.672706244	1.206116422	71	33.95074308	0	17.98808426		0.497661624		2.325868793	0	0	0	11.23919189	0	33.99844766	0
100		OC01_01	PM2.5	0.446979788	0.754395348	2.164064479	0.83376305	18	94.05136704	0	0		0.078741886		0.142400735	0.512807444	0.551054534	0.620341813	0.706347264	0.863505341	1.084739156	1.388693694
101		OC01_01	PM2.5	3.575838301	2.133752265	7.913668387	1.393695698	153	59.53473449	0	21.88500315		0		1.051315013	0	0	0	0	0	4.681635275	12.8473103
102		OC01_01	PM2.5	3.687583248	2.166835669	7.651123341	1.263277348	109	41.42543674	1.885042153	11.09147891		0		1.257521473	0	0	0.89451354	2.904863097	0	22.9015246	17.63961464
103		OC01_01	PM2.5	3.017113566	1.959976608	7.279828576	1.397786314	101	25.20025969	25.8531034	0		7.45638907		0	0	0	0	24.73765165	0	16.75259769	0
104		OC01_01	PM2.5	3.128858513	1.995942481	9.520790719	2.305421021	106	86.76294088	0	1.560046244		0.005782036		0.010255595	0	0	0	0	2.212149464	9.448827803	0
105		OC01_01	PM10	20.44932528	5.102635556	18.8427405	1.381653963	870	46.52380943	0	1.493444107	35.59373021	0		1.312974282	1.58528313	3.138306737	3.380766511	5.810787901	1.160892379	0	0
106		OC01_01	PM10	11.39798458	3.809509772	13.9576694	1.360153381	471	49.00462329	4.319222644	0	40.90332985	0.354474899		0	2.483406477	0	0	0.64828312	0	2.286661044	0
107		OC01_01	PM2.5	3.911073142	2.231531534	6.940385866	0.980079785	138	27.92915106	1.100477483	11.71922013	16.95998311	1.816367172		0.042958284	2.567367814	2.437838167	0	0	0	6.411580741	29.01505828
108		OC01_01	PM2.5	0.335234841	0.653325536	2.164064479	1.111684066	19	0.328088109	86.66185141	4.314694181		0.144018442		0.211153924	0.750711095	0.805466902	0.905470271	1.029730868	1.256456319	1.576455869	2.015917189
109		OC01_01	PM2.5	2.681878726	1.847883667	6.120898673	1.111684066	66	39.74817991	0	1.503497176		0		0.012984635	6.186107546	8.697894961	23.49597961	4.841741174	13.73781413	0	1.775794476
110		OC01_01	PM2.5	0.223489894	0.533438066	1.530224668	0.83376305	17	72.56985307	0	9.878479689		0		3.28040868	0	0	0	0	0	14.2712608	0
111		OC01_01	PM10	8.604360912	3.309896157	11.45416221	1.213383753	350	37.98753023	1.834322512	3.296696022	40.77818692	0.250238949		0	0	2.395650186	8.29212442	3.257404268	0	1.508140378	0.39970302
112		OC01_01	PM2.5	2.123153991	1.644166543	5.858353627	1.286351947	68	43.94676387	24.10212457	18.51477921		0		0.009588524	9.005644917	4.421093687	0	0	0	0	0
113		OC01_01	PM2.5	0.223489894	0.533438066	1.530224668	0.83376305	3	64.46957588	0	0		0.520873861		0.880410708	3.079920821	3.30269821	3.700418025	4.209563881	5.137701333	6.451807171	8.247029036
115		OC01_01	PM2.5	0.446979788	0.754395348	2.79790429	1.393695698	21	13.52285147	10.95818281	19.10074055		0		6.007099524	4.61451076	7.851774991	9.512121975	0	0	0	28.43271196
116		OC01_01	PM2.5	0.558724735	0.84343964	2.612256908	0.971905435	32	29.06140089	0	1.989735849		1.36356866		0.00897777	0	0	18.21525693	37.76281774	9.567411989	1.074491069	0.956330262
117		OC01_01	PM2.5	0.223489894	0.533438066	1.530224668	0.83376305	4	0	4.924741387	0.12972689		0.10554113		0.155260495	0	0	0	94.68473196	0	0	0
118		OC01_01	PM2.5	3.128858513	1.995942481	7.651123341	1.488862589	65	2.285197005	4.231423512	25.47393143		2.865329757		3.023581952	17.52788126	31.18089736	2.646954358	0	6.719491631	2.083130553	1.962178946
119		OC01_01	PM2.5	0.223489894	0.533438066	1.530224668	0.83376305	5	67.0080781	0	0		0.479557458		0.814924575	2.857810259	3.065361641	3.435765579	3.909338638	4.772650078	5.993741751	7.662759721
120		OC01_01	PM2.5	0.223489894	0.533438066	1.530224668	0.83376305	17	16.10141695	1.317380462	11.35832444		0.017543147		0.027280312	38.96975517	29.73401546	0	2.474282123	0	0	0
121		OC01_01	PM2.5	0.335234841	0.653325536	2.164064479	1.111684066	20	69.16915178	0	4.638348147		0.022902165		0.039177047	0	0	0	26.13042593	0	0	0
122		OC01_01	PM2.5	0.558724735	0.84343964	2.612256908	0.971905435	31	14.18862045	0	2.861143462		0		21.09903246	0	0	25.52028894	0	33.97218585	0	2.358740941
123		OC01_01	PM2.5	2.346643885	1.728536893	5.672706244	1.091248192	37	77.43015289	0	5.499139801		0		16.07208699	0	0	0.134414842	0.152392325	0.185065798	0.231450144	0.295293843
124		OC01_01	PM2.5	0.558724735	0.84343964	2.612256908	0.971905435	23	54.73916531	0	6.988959759		7.784103602		12.59842664	0	0	0	0	0	17.88933426	0
125		OC01_01	PM2.5	0.893959575	1.066876133	3.322994383	0.982950097	45	31.68822825	0	22.95984328		0.045093129		0	0	0	45.30684352	0	0	0	0
126		OC01_01	PM2.5	1.340939363	1.306651072	4.328128958	1.111684066	60	0	14.66346979	43.76317561		0		41.57335162	0	0	0	0	0	0	0
128		OC01_01	PM2.5	2.681878726	1.847883667	6.044001009	1.083927057	85	53.15495133	0	1.333678421		0		0	0	0	7.540950924	0.138289388	6.370488554	0	31.46163523
129		OC01_01	PM2.5	2.90536862	1.923338301	11.49920782	3.621802298	89	36.58176959	24.97514188	0		0.543579087		2.980249003	1.003992744	8.383853734	0	25.53141713	0	0	0
130		OC01_01	PM2.5	3.352348407	2.065996747	6.492193438	1.00051566	86	0	18.42452437	11.17231697		9.609035403		0	44.79738474	10.53590924	0	5.460823327	0	0	0
131		OC01_01	PM2.5	3.017113566	1.959976608	6.306546055	1.049014815	115	29.92947698	0	0		0		1.222407166	11.73444018	10.57871804	4.068022594	0	0	30.90542257	11.56151146
132		OC01_01	PM2.5	0.893959575	1.066876133	3.956834194	1.393695698	47	31.18378818	37.20120788	0		3.087889962		0.445221318	0	0.514712278	0	0	27.56718397	0	0
133		OC01_01	PM2.5	0.670469681	0.923941834	3.322994383	1.310600129	40	89.63445425	0	0.802362431		0.232169614		0.106250925	1.242960431	1.130195055	0	1.091561466	0	0	5.760049075
134		OC01_01	PM2.5	1.45268431	1.360005555	5.410161198	1.60339048	73	66.8526113	0	31.95260763		0		0	0.257561356	0.177743507	0.101738668	0.115508318	0.140651152	0.176287431	0.22528863
135		OC01_01	PM2.5	1.117449469	1.192803778	3.956834194	1.114956559	58	68.23137999	0	23.68513942		5.662797391		0	0.218821224	0.234487187	0.263690995	0.299367448	0.364411296	0.456578238	0.583330728
136		OC01_01	PM2.5	0.558724735	0.84343964	3.508641765	1.753356774	28	49.90211129	0	0.097897649		0.071418728		0	0	0	31.47851825	0	5.612901971	7.926598936	4.910551384
137		OC01_01	PM2.5	3.017113566	1.959976608	7.202930912	1.368412324	124	64.1397953	0	10.79332978		1.801757887		0	0	0	0	9.160181135	14.10493106	0	0
138		OC01_01	PM2.5	1.45268431	1.360005555	7.433623903	3.02705324	92	37.2047931	12.98613101	0.712498836		0.003862802		4.05751951	3.174164146	3.289726749	0	0	13.7030229	20.94769031	3.920600191
140		OC01_01	PM2.5	0.223489894	0.533438066	1.530224668	0.83376305	22	46.04649842	0	3.631054237		0.022434979		0	0.46911356	1.693256572	0.993001275	0.161384617	0	0	46.9832629
143		OC01_01	PM10	11.50972953	3.828138293	13.9576694	1.346948008	455	47.92070091	6.329110265	1.637656055	30.19280732	0.974544231		0.471543334	0	4.929448292	1.461556926	1.850352623	0	4.232289642	0
144		OC01_01	PM2.5	1.564429257	1.411344463	4.328128958	0.952872057	66	30.9958607	0	0		0.030518582		8.514353633	0	0.717343763	1.189847477	0.252685742	0	48.373878	9.925507009
146		OC01_01	PM2.5	2.011409044	1.600314199	5.224513816	1.079894928	58	17.11371094	15.71911424	2.117563784		0		0	0	0	0.097475777	0	2.425665781	2.660315484	59.86616015
147		OC01_01	PM2.5	0.223489894	0.533438066	1.530224668	0.83376305	15	88.81078959	0	8.88999626		0.030650108		0.055221946	0.198698882	0.213333266	0.240259292	0.273222034	0.333478185	0.418631872	0.5357116
148		OC01_01	PM2.5	1.78791915	1.508790696	4.776321387	1.015381726	53	10.17142981	3.790310025	18.70000213		4.996198788		3.910951316	6.314418465	13.36404383	11.99468002	25.82864761	0	0.929322932	0
149		OC01_01	PM2.5	0.670469681	0.923941834	2.79790429	0.929130466	39	53.92063856	0	0		0.010685575		24.38788563	1.492117438	1.362372469	4.156924039	7.104572654	7.382041216	0	0.182762532
150		OC01_01	PM2.5	0.558724735	0.84343964	2.612256908	0.971905435	30	27.96173394	23.03862423	0.195723725		0		0.358009082	7.38896057	0	0	40.25126994	0	0.805669278	0
151		OC01_01	PM2.5	1.340939363	1.306651072	4.142481576	1.018361958	58	43.42600405	0	3.716520593		1.632766426		9.087960422	16.65184349	0	0	25.48491061	0	0	0
152		OC01_01	PM2.5	0.223489894	0.533438066	1.530224668	0.83376305	12	0	0	0		0.018478659		0.027336419	26.40837133	73.54581356	0	0	0	0	0
153		OC01_01	PM2.5	2.458388832	1.769213915	6.831636147	1.510737527	100	47.28103578	0	0		1.214618795		2.114014328	5.215323716	0	7.204149663	4.44885008	22.8446424	6.709317863	2.968050539
154		OC01_01	PM2.5	0.893959575	1.066876133	3.694289147	1.214881794	19	90.90589881	0	0.047033772		0.030758124		7.100561261	0.17264284	0.185163645	0.208394066	0.236745132	0.288497843	0.361773768	0.462540938
155		OC01_01	PM2.5	0.335234841	0.653325536	1.978417097	0.929130466	15	46.16174698	2.539982088	27.75588632		0.035097817		0.058108178	0	0.213720184	0.986787491	0.271569635	1.253940165	3.55302617	17.17014313
156		OC01_01	PM2.5	0.558724735	0.84343964	2.612256908	0.971905435	27	78.35043073	0	1.847985759		10.16886532		2.239213139	0	1.177130919	2.074585296	0	4.141785949	0	0
157		OC01_01	PM2.5	1.564429257	1.411344463	4.513776341	1.036368677	58	17.80275404	0	2.175907791		0.408088649		0.004479272	0	14.73653764	6.464758515	0	0.36420587	5.692315474	52.35096812
158		OC01_01	PM2.5	2.011409044	1.600314199	5.749603908	1.307873052	46	17.17439294	18.40353161	5.415390432		0.19131928		0.029682688	0	0	0	6.525794417	26.8923372	25.36755204	0
159		OC01_01	PM10	21.11979496	5.18561068	17.72885621	1.184300393	825	52.67096162	0	1.836838573	41.30530655	0		0.756131019	0	0	0	1.341219898	0.669151172	0	1.420387719
160		OC01_01	PM2.5	2.90536862	1.923338301	6.492193438	1.154441146	80	40.47327042	16.11311287	24.71763492		4.812856391		0	7.744378597	0	0	0	0	0	6.138752401
161		OC01_01	PM10	10.50402501	3.657067134	12.24179735	1.135336919	378	61.03309989	0	7.144080102	15.35850912	0	8.714687079	3.986086696	0	0	0	3.763538972	0	0	0
162		OC01_01	PM2.5	0.223489894	0.533438066	1.530224668	0.83376305	7	84.82195139	0	6.012234464		5.491054431		0.090211903	0.322563061	0.346098724	0.389478193	0.442724815	0.539951446	0.677395472	0.866338611
163		OC01_01	PM2.5	2.011409044	1.600314199	4.96196877	0.974087097	67	51.10272169	0	7.609153539		0		1.627632976	10.51450223	29.14599478	0	0	0	0	0
164		OC01_01	PM2.5	4.581542823	2.415243569	8.470610535	1.246257583	157	14.16269839	12.4215126	21.13301307		0.194443751		1.657173969	1.820378006	9.701983631	10.64584926	2.860973217	0	0	25.40197968
166		OC01_01	PM2.5	0.223489894	0.533438066	1.530224668	0.83376305	15	7.117046416	6.200320274	13.28784674		0		0.079817761	0	0	0	0	0	73.31497073	0
167		OC01_01	PM2.5	2.90536862	1.923338301	9.629540438	2.539802913	93	31.88084066	1.566548832	0		0		0	26.87913775	31.4381659	1.968131773	1.591363735	0	2.109478787	2.56633535
168		OC01_01	PM2.5	0.893959575	1.066876133	3.508641765	1.095847984	24	0	84.29136276	0		10.40786281		0	0.479253288	0.513550639	0.577170402	0.655417424	0.79803206	0.999931619	1.277414989
169		OC01_01	PM2.5	1.229194416	1.251023157	3.956834194	1.013596872	41	42.03045964	27.44601667	0		0.004941516		6.162645295	0	0	8.588125557	15.76780975	0	0	0
171		OC01_01	PM2.5	2.346643885	1.728536893	5.410161198	0.992575059	71	69.06536818	6.077168509	8.246149868		0		9.380222857	0	0	0	7.231090963	0	0	0
172		OC01_01	PM10	5.698992292	2.693730193	9.290097728	1.205126487	167	59.87524986	0	35.95900834		0.22297143		0	0	0	0	3.942766786	0	0	0
173		OC01_01	PM2.5	1.564429257	1.411344463	4.513776341	1.036368677	79	44.0887928	17.85212755	0.906937942		0		4.520298541	16.5503785	3.408282995	0	2.27149725	0	0	10.40168032
174		OC01_01	PM2.5	1.340939363	1.306651072	4.328128958	1.111684066	44	52.84885764	2.164586633	1.876677759		3.359077498		7.873106003	0	0	0	0	0	5.715693906	26.16199553
175		OC01_01	PM2.5	0.223489894	0.533438066	1.530224668	0.83376305	2	0	52.00318098	1.262191776		0.730640907		1.185406931	4.074442759	4.359100014	4.872729257	5.532525107	6.735601276	8.452367783	10.79181209
178		OC01_01	PM2.5	4.022818089	2.263186044	13.47762491	3.593242047	101	41.58497155	5.840316415	1.606711		4.346165434		2.856944501	22.37147689	15.3673619	0	0	0	6.026059017	0
180		OC01_01	PM2.5	0.223489894	0.533438066	1.530224668	0.83376305	11	15.04530758	80.24645448	0.370695256		0		0.138689915	0.497513311	0.534284255	0.601473125	0.684248423	0.834106095	1.047220733	0
181		OC01_01	PM2.5	0.670469681	0.923941834	2.79790429	0.929130466	36	52.85177231	16.51524454	0.027839327		0.007018985		14.95487392	7.352565229	5.380428955	0	0	0	2.378555015	0.531697599
182		OC01_01	PM2.5	1.117449469	1.192803778	4.142481576	1.22203435	47	53.0867517	0	15.37411362		1.038835943		0.461307494	19.82276589	0	0	10.02004817	0.196169713	0	0
