Id	Area	Field	Class	Area (?m²)	ECD (?m)	Perimeter (?m)	Shape	Count	O Wt%	F Wt%	Na Wt%	Mg Wt%	Al Wt%	Si Wt%	Cl Wt%	K Wt%	Ca Wt%	Ti Wt%	Fe Wt%	Br Wt%	Rb Wt%	La Wt%	Ce Wt%	Pr Wt%	Nd Wt%	Sm Wt%	Gd Wt%	Dy Wt%	W Wt%
3		OC02_03	PM2.5	1.005704522	1.131593022	3.694289147	1.079894928	67	49.22026992	7.490473986			14.5596981		0		0					17.13585556	5.450551212	1.572831906	2.994724177	0	0	1.575595327	
1		OC02_03	PM2.5	0.223489894	0.533438066	1.530224668	0.83376305	28	0	0			0		61.38107777		0					3.618396446	3.839914501	4.272020608	4.812357947	5.785647407	7.188162208	9.102428705	
2		OC02_03	PM10	28.71845135	6.046938724	22.94017647	1.458218582	916	30.27822077	1.9590782			1.244224701		0		2.481141314		55.93274236			0	0	0	5.623920634	0	0	2.480673604	
6		OC02_03	PM2.5	0.782214628	0.997971241	3.246096719	1.071981064	57	49.8729527	17.66559482			8.318056166		0.00639342		0					0	0	0	0	0	7.427298278	16.70970619	
7		OC02_03	PM2.5	1.564429257	1.411344463	4.328128958	0.952872057	78	72.26982713	0			19.70021725		0.571487984		0.7498133					1.0032285	2.098472789	1.334953588	0	0	2.271997184	0	
10		OC02_03	PM10	6.592951867	2.89731031	10.89722006	1.43331509	190	59.22658443	0			0.083422649		0.359509699		19.89688724					3.793339431	0	0	0.487760408	1.347978041	12.19095886	2.613572776	
5		OC02_03	PM2.5	3.464093354	2.100147767	6.940385866	1.106541693	159	44.68000829	0			3.494569659	32.82395303	1.973300613		0					0	0	0	0	0	0	17.02816933	
9		OC02_03	PM2.5	0.223489894	0.533438066	1.530224668	0.83376305	41	32.34836459	32.46986568			1.31150838		0		5.508661643					3.04898452	21.78805023	0	0	0	1.471924968	2.052633464	
12		OC02_03	PM2.5	3.575838301	2.133752265	8.361860816	1.556030599	130	33.62113237	2.550250106			16.10381752		0		2.89871823					7.104944438	19.99885589	0	0	0	1.517079491	16.20519906	
8		OC02_03	PM2.5	0.782214628	0.997971241	3.694289147	1.388436336	35	38.72969747	2.376683056			1.245052554		0		0.567104295					0	0	5.4475151	4.499545321	23.02209139	15.70040584	8.411911875	
11		OC02_03	PM2.5	2.011409044	1.600314199	5.301411479	1.111918013	59	0	0			0		0		6.96156621					7.201838493	16.55472964	6.828126311	15.87572992	0	30.40207028	16.17593765	
13		OC02_03	PM10	15.30905773	4.414985582	25.48872927	3.377054303	605	52.46393681	6.379757077			8.926962316	23.75562191	0		0.262249308					0.645089522	4.649518803	0	0	2.916873619	0	0	
15		OC02_03	PM2.5	1.117449469	1.192803778	3.771186811	1.012787506	100	42.18286872	0			1.165551599	29.51318026	0		0					0	7.706798613	8.537242562	5.707145482	2.17091497	0.167193334	2.849098854	
17		OC02_03	PM10	11.06274974	3.75306947	14.51461154	1.515436986	347	49.46343005	13.09349388			2.978933789	13.99592608	0		0.244792714					0.146965031	4.422302544	4.097225517	0	0	11.55693233	0	
14		OC02_03	PM2.5	0.223489894	0.533438066	1.530224668	0.83376305	18	0	0			92.74196029		0.121369341		0					0.654962799	0.698933844	0.782773737	0.885814335	1.072495244	1.338212844	1.703472622	
18		OC02_03	PM2.5	0.335234841	0.653325536	2.164064479	1.111684066	23	29.64112461	0			20.44137269		0.008281087		0.175399892					0.844443496	35.1983875	13.69099319	0	0	0	0	
16		OC02_03	PM10	18.43791624	4.845191852	16.30738126	1.147748538	529	58.86679292	0.159396813			2.893715352		0.544765405		31.404531					0	0	0.500701834	0	5.630092323	0	0	
19		OC02_03	PM2.5	3.017113566	1.959976608	7.126033249	1.339350262	124	28.24985087	13.76337111			15.98772258		0		1.471970975					6.690943241	6.208070368	0	0	0	0	27.6280582	
20		OC02_03	PM2.5	0.670469681	0.923941834	2.874801954	0.980904789	45	16.18503779	11.45125479			2.111986093		0.004084362		4.878921062					0	0	0	0	1.588909142	13.63098025	50.14882684	
21		OC02_03	PM2.5	0.558724735	0.84343964	2.612256908	0.971905435	29	7.085014135	20.92042118			22.59647846		0.029029313		0.248540938					0	49.12050962	0	0	0	0	0	
25		OC02_03	PM2.5	0.558724735	0.84343964	2.612256908	0.971905435	22	41.79233313	29.60762978			3.114786185		2.661706321		0					6.280772388	11.57454252	4.779793695	0.188441877	0	0	0	
26		OC02_03	PM2.5	1.340939363	1.306651072	5.858353627	2.036723916	76	27.47994661	0			4.043303058		0.002442011		0					5.659011379	12.15443984	23.32784534	6.144789979	13.18759322	8.000621945	0	
24		OC02_03	PM2.5	4.134563035	2.294403878	8.208065488	1.296707862	181	39.69765604	0			0	46.05997801	1.792943478		0					5.436135828	0	0	7.01328665	0	0	0	
27		OC02_03	PM2.5	2.681878726	1.847883667	6.044001009	1.083927057	129	41.29824936	11.35685295			0.084596412	36.86985075	0		0.048782953					5.587135255	4.754532129	0	0	0	0	0	
29		OC02_03	PM2.5	0.335234841	0.653325536	1.978417097	0.929130466	15	81.69981837	0			0		0.009087403		17.45922118					0.199569389	0.067626237	0.075984321	0.086146517	0.104642229	0.130892894	0.167007279	
30		OC02_03	PM2.5	0.446979788	0.754395348	2.426609525	1.048339735	38	55.62848449	11.98688373			19.85996515		1.649073698		0					1.527734194	4.434407875	0.962970778	3.950487077	0	0	0	
31		OC02_03	PM2.5	2.123153991	1.644166543	6.120898673	1.404232505	77	54.51800823	0			4.953436553		0		22.27451205					0.029510554	0	0	0	0	18.22452992	0	
32		OC02_03	PM10	12.06845427	3.919953216	17.01811873	1.909684335	301	40.63775837	0			0		0.209223758		1.00357132		56.99770451			0	0	0	0	1.151733007	0	0	
34		OC02_03	PM2.5	4.469797876	2.385607556	11.08286744	2.186787229	190	42.79686213	13.82533908			1.778559759	28.7569046	0		9.765689075					3.07664983	0	0	0	0	0	0	
40		OC02_03	PM2.5	1.899664097	1.555225852	5.224513816	1.143418159	72	54.89034057	13.61844093			0		0.665173493		5.254626274					0	2.467209287	16.98053777	0	0	6.123669818	0	
41		OC02_03	PM2.5	0.223489894	0.533438066	1.530224668	0.83376305	12	13.93998712	60.95431447			14.96807337		6.18061237		0.098750379					0.349025871	0.373940542	0.420322083	0.477180909	0.580802886	0.727591477	0.929402746	
44		OC02_03	PM2.5	0.335234841	0.653325536	1.978417097	0.929130466	26	40.59850872	37.88222373			2.272822335		7.996498793		0					2.30093766	4.443642497	0	0	0	4.505362734	0	
48		OC02_03	PM2.5	1.229194416	1.251023157	4.142481576	1.110940318	71	28.10862362	42.80087948			3.195877001		0		1.401809137					0	0	0	15.02650827	0	9.4663091	0	
49		OC02_03	PM10	7.039931655	2.993913722	11.26851482	1.435340879	257	70.42304277	5.569079518			0		0		0					0	0	0	0	0	24.00787473	0	
52		OC02_03	PM2.5	0.446979788	0.754395348	2.689154571	1.287460114	35	37.42653728	26.88929737			4.49074246		0		0.026482073					6.600550562	14.66896981	9.897425026	0	0	0	0	
53		OC02_03	PM2.5	0.446979788	0.754395348	2.426609525	1.048339735	28	20.74119449	26.51173472			0		0		0.092547166					0	0	7.431296259	26.59593821	15.03365785	0	3.593632579	
57		OC02_03	PM2.5	0.223489894	0.533438066	1.530224668	0.83376305	14	42.02957153	38.51711452			0		0.009570353		0.016503251					1.512266882	2.448257059	0	0	0	0	15.46672136	
58		OC02_03	PM2.5	0.446979788	0.754395348	2.612256908	1.214881794	18	45.85596025	35.86325943			5.579952523		0		0.025126236					2.10831333	5.356512964	2.054522	0.68822992	0	2.468134835	0	
63		OC02_03	PM2.5	0.335234841	0.653325536	2.164064479	1.111684066	14	14.96521086	0.850553904			4.579287022		1.339940354		6.380596012					40.22757113	27.81663239	0	3.172219917	0	0.667990092	0	
62		OC02_03	PM2.5	1.45268431	1.360005555	4.328128958	1.026169907	88	52.0519495	14.47494328			21.31136507		3.049031086		0.930642243					0	0	3.400135413	0	1.492175739	2.518348582	0.771405548	
64		OC02_03	PM2.5	0.893959575	1.066876133	3.431744101	1.048339735	39	69.21592951	13.42156976			1.781378128		1.884912327		0.01781147					2.135146037	4.540284723	0	0	0	7.002960891	0	
67		OC02_03	PM2.5	0.670469681	0.923941834	2.79790429	0.929130466	27	27.30662227	3.363971785			0		0		4.168050364					4.806983471	8.390761912	18.23877096	1.770171523	2.998114936	17.61837751	11.33816466	
66		OC02_03	PM2.5	1.005704522	1.131593022	3.87993653	1.191156913	58	15.33541977	0			0		0		1.504207682		42.59152412			0	0	2.570124343	5.883518979	5.14305383	0	26.97214484	
68		OC02_03	PM10	7.486911443	3.087496027	13.88077173	2.047927909	268	20.73739171	3.832923621			1.154357288		0.489023514		1.187451556	33.94833505				4.618479311	7.427923381	10.18207818	0	0	3.782906011	12.63912916	
72		OC02_03	PM2.5	1.78791915	1.508790696	5.224513816	1.214881794	88	41.12050533	4.916135222			51.11283064		0		0					0.572141213	0.059216644	0.667165685	0.498330127	0	0	1.053674147	
70		OC02_03	PM2.5	0.223489894	0.533438066	1.530224668	0.83376305	19	68.50711703	0			0.975551084		0.007400828		0					0	0	4.930533469	0	4.247426242	2.504982427	18.8269943	
71		OC02_03	PM10	36.87583248	6.852136029	27.24964693	1.602396773	1256	49.27343428	0		5.689899623	13.54490072	14.70687389	0		0.365553284					0	1.653740555	5.027252063	2.377685905	0	0	7.3606655	
73		OC02_03	PM10	6.816441761	2.946008012	10.0008352	1.167629205	230	49.93130863	8.516043425			17.56169051		1.285487041		0.38185236					0	0	6.115751714	0	0	2.287114784	13.92074823	
75		OC02_03	PM2.5	0.335234841	0.653325536	1.978417097	0.929130466	8	48.83700907	0			25.26261806		0.028874719		0.233264267					15.46912342	10.16911715	0	0	0	0	0	
76		OC02_03	PM2.5	1.340939363	1.306651072	5.224513816	1.619842392	110	29.74843979	0			0	47.71294892	0.391788315		0					0.700931111	1.590323448	2.31237337	0.872381963	0	13.90611529	2.764697932	
79		OC02_03	PM10	8.380871018	3.26662768	10.89722006	1.127541204	311	57.66467452	7.469339669			10.38166583	20.33148557	0.035927937		0.663590105					0	0.401707925	2.616764605	0.43485295	0	0	0	
78		OC02_03	PM2.5	1.564429257	1.411344463	4.513776341	1.036368677	84	49.66076314	0			9.792152047		0		0.259054895					1.160411257	0	0	11.67225167	27.4553597	0	0	
80		OC02_03	PM2.5	3.017113566	1.959976608	6.306546055	1.049014815	113	64.25123811	16.98721349			13.28163892		0.699506281		0					0	0	1.070458069	0	0	3.709944338	0	
81		OC02_03	PM2.5	3.687583248	2.166835669	8.208065488	1.453884573	183	50.87612271	5.002155527			12.74458617		0		4.641171917					0	0	0	0	5.046713725	14.62744474	7.061798871	
82		OC02_03	PM2.5	3.24060346	2.03127164	6.754738484	1.120421215	135	37.71676123	15.21364301			9.330493957	28.23972702	0.075853674		0					0	0	0	0	2.051310614	0	7.372217625	
86		OC02_03	PM2.5	2.681878726	1.847883667	6.120898673	1.111684066	191	35.92248857	2.851575799			2.29893364	35.91038585	0.124140386		0					0	2.182581462	0	0	10.7541576	9.955734015	0	
83		OC02_03	PM2.5	0.223489894	0.533438066	1.530224668	0.83376305	29	11.1438863	0			0		0.02185557		0.206873869					39.1397059	49.48767722	0	0	0	0	0	
84		OC02_03	PM2.5	2.681878726	1.847883667	8.547508198	2.167854113	162	32.49796927	0.836991891			1.777132973	46.39054835	0		0.286432169					2.778712288	5.472729355	0	2.170779184	6.528339535	1.260353997	0	
85		OC02_03	PM2.5	0.670469681	0.923941834	3.060449336	1.111684066	22	0	0			0		0.020122011		22.51380831					25.10783374	52.35823393	0	0	0	0	0	
88		OC02_03	PM2.5	0.223489894	0.533438066	1.530224668	0.83376305	16	34.68964994	0			0		0.190896681		0.021456901					0.120610255	0.265594968	0	0	0	55.03882766	9.672965109	
89		OC02_03	PM2.5	0.670469681	0.923941834	2.79790429	0.929130466	51	40.64652622	0.751154497			0		0.949549116		3.402009606					0	0	0	0	0	54.25075889	0	
90		OC02_03	PM2.5	0.782214628	0.997971241	3.694289147	1.388436336	38	44.2543298	0			9.622725099		10.05487591		0.022933165					0	0	0	0	0	36.04514003	0	
91		OC02_03	PM10	5.587247345	2.667190332	10.0008352	1.42450763	209	38.4873867	8.972744644			1.569135301		0		31.24662936					0	0.006288334	6.657919288	0	7.387052476	5.672842264	0	
93		OC02_03	PM2.5	0.446979788	0.754395348	2.612256908	1.214881794	29	25.53707659	20.55891752			2.876504697		2.534179203		0.011407139					0	0	1.359915081	0	0	7.933688164	39.18831944	
94		OC02_03	PM2.5	1.117449469	1.192803778	4.328128958	1.33402088	56	85.95138192	5.444869399			1.2660685		6.783458591		0.013550489					0.048648019	0.052196922	0.058785407	0.066794199	0.081428065	0.102158054	0.130671356	
92		OC02_03	PM10	5.698992292	2.693730193	12.68998977	2.248612449	278	45.93374133	0			0.436356571	42.42348373	1.574054174		1.702568121					2.894080617	4.521276429	0	0	0	0	0.514441077	
96		OC02_03	PM2.5	2.570133779	1.808976496	5.858353627	1.062638565	102	30.36628962	0			1.221876219	53.57097983	3.734909743		4.570006207					0	0	3.459407762	0	0	3.076515533	0	
97		OC02_03	PM2.5	2.123153991	1.644166543	5.672706244	1.206116422	154	47.05069065	7.749831676			9.731118381	27.09206641	0		0					3.690787777	4.685501754	0	0	0	0	0	
95		OC02_03	PM10	16.64999709	4.604284387	22.08883722	2.331963151	646	46.56197429	8.432098478			3.408726677		0		2.262676321		34.04318094			0	0	0	5.291338265	0	0	0	
98		OC02_03	PM2.5	1.340939363	1.306651072	4.142481576	1.018361958	76	34.82061625	9.547718614			27.55096853		0.568246655		0					1.149537694	23.06200713	0	0	0	0	3.300901502	
102		OC02_03	PM2.5	0.782214628	0.997971241	3.246096719	1.071981064	38	57.30851293	21.33241892			7.223442942		0		4.69930321					0	0	1.132226642	2.071911469	0	0	6.232184917	
99		OC02_03	PM2.5	1.005704522	1.131593022	3.431744101	0.931857543	49	7.757485658	0			1.58421956		0.387519761		2.245933004					8.585610241	6.36068657	16.05029255	3.529415652	0	41.2260592	12.27277443	
100		OC02_03	PM10	19.7788556	5.018288663	17.20376612	1.190792349	586	44.76391375	4.388112575			10.84586158	18.29221845	0		1.214240957					4.033916071	10.35581976	0	0.946839806	0	5.159075186	0	
104		OC02_03	PM10	6.704696814	2.92176062	12.05614996	1.725155611	277	55.95967174	0			3.077765368	25.19703209	4.010118917		2.009431645					5.399023369	3.286778182	0	1.060169004	0	0	0	
107		OC02_03	PM2.5	0.223489894	0.533438066	1.530224668	0.83376305	13	44.75520849	31.80817068			11.1715056		7.640767843		0.073647755					0.260594045	0.279198284	0.313802413	0.356306229	0.434404565	0.544196647	2.362193353	
105		OC02_03	PM2.5	1.117449469	1.192803778	4.513776341	1.450916148	41	71.33600116	0			23.58795255		4.385237768		0					0.296226935	0	0	0.394579768	0	0	0	
108		OC02_03	PM10	19.55536571	4.989856203	23.3697104	2.222444144	712	55.6411624	4.095826671			3.838048875	26.31774247	0		2.505755238					0.423594005	1.113356743	2.397559956	0	0	0	3.666941077	
109		OC02_03	PM10	16.2030173	4.542061467	27.32654459	3.667445582	641	36.89089715	6.026227027			0	21.10275328	0.888179895		0.445782486			16.64390862		0	0	0	0	2.725751139	7.496222854	7.780279219	
112		OC02_03	PM2.5	1.340939363	1.306651072	4.590674005	1.250644575	66	63.392061	22.76035696			7.948582619		0.075234508		0					0	0	0	0	0	5.823751166	0	
113		OC02_03	PM2.5	0.782214628	0.997971241	3.771186811	1.446839294	35	35.38253903	29.80448008			0.090497296		0		4.210776463					0	7.584148645	22.2339645	0.693589728	0	0	0	
111		OC02_03	PM2.5	1.78791915	1.508790696	5.224513816	1.214881794	102	52.57716179	0			0	40.4148072	2.563727088		0.559034245					0	0	0	0	0.036241332	0	3.849032149	
110		OC02_03	PM10	30.7298604	6.255115783	20.55861255	1.094503494	1097	46.10312581	1.425714698		7.079724967	4.08469215	26.27190948	0.053969835		8.492270857					1.170868147	0	0	0	0	2.599871345	2.717844024	
114		OC02_03	PM2.5	0.223489894	0.533438066	1.530224668	0.83376305	30	0	56.33301139			0		0.030118634		17.70579517					4.648399353	11.26020849	4.134400189	1.463478338	0	4.424588755	0	
115		OC02_03	PM2.5	1.117449469	1.192803778	4.405026622	1.381844955	56	33.01417828	7.483690977			4.915013909		3.232615814		9.048665315					9.375339001	12.66440153	3.974887729	0	7.548646629	0	8.742555976	
118		OC02_03	PM2.5	0.223489894	0.533438066	1.530224668	0.83376305	10	37.84063756	55.20590544			0.709254388		0.109953037		0.195919699					0.703094946	0.755384751	0.850265101	0.967781618	1.17988782	1.481906697	0	
119		OC02_03	PM2.5	0.670469681	0.923941834	3.060449336	1.111684066	26	36.13246083	7.303844392			0		0.733948778		0.214733998					1.789047755	1.813816652	0	0	0	6.066174805	45.94597518	
120		OC02_03	PM10	11.06274974	3.75306947	13.1381822	1.241645471	359	58.90961885	0			0		0		38.46649528					2.623887546	0	0	0	0	0	0	
122		OC02_03	PM2.5	0.893959575	1.066876133	3.246096719	0.937983431	54	67.62914062	0			20.30270696		0.763577968		0.035519307					0	0	7.183118165	0	0	4.085930437	0	
123		OC02_03	PM2.5	0.558724735	0.84343964	2.612256908	0.971905435	27	27.62885392	38.67188394			31.00999594		0		0					0.607879041	0.478024362	0.214896281	0.243926235	0.296971109	0.37214763	0.47541922	
121		OC02_03	PM2.5	3.911073142	2.231531534	7.836770723	1.249592702	199	46.62030935	6.430139393			3.272641823	23.59897494	0		4.233629256					0	7.876548171	6.187255681	1.780504733	0	0	0	
124		OC02_03	PM2.5	1.899664097	1.555225852	5.224513816	1.143418159	109	49.27999079	5.400020629			0.666851131	31.42347932	0		0.931323133					0	0	3.476365656	4.72164005	2.630919963	1.147023402	0.322389673	
125		OC02_03	PM2.5	3.352348407	2.065996747	6.492193438	1.00051566	104	59.5377326	0			24.35663491		0.397160091		0.010533803					2.488306351	5.081406608	0	0	0	8.128222078	0	
127		OC02_03	PM2.5	2.234898938	1.68687928	6.044001009	1.300712468	85	51.48873329	0			14.39172477		0.258988375		0					0	12.3630479	7.390858233	0	0	4.715420678	9.391225129	
128		OC02_03	PM2.5	0.446979788	0.754395348	2.164064479	0.83376305	15	8.386960626	0			0		0.011983965		1.364971232					19.66400295	54.99974489	0	0	0	11.90620586	3.666128218	
131		OC02_03	PM2.5	3.24060346	2.03127164	6.940385866	1.182854913	137	20.91094255	20.39623857			2.697385103		0		0					36.40605509	19.58938092	0	0	0	0	0	
126		OC02_03	PM2.5	1.78791915	1.508790696	7.01728353	2.191695967	60	32.9348892	0			24.79939163		0		0					9.107538313	2.090686746	0	12.89870143	12.67308742	4.589291289	0.906416215	
130		OC02_03	PM10	5.587247345	2.667190332	13.40072725	2.557696292	198	52.8375566	20.48695534			19.71295923		0.529216044		4.653977975					1.020151284	0	0	0	0	0	0.759181147	
132		OC02_03	PM2.5	0.782214628	0.997971241	3.246096719	1.071981064	52	81.83785081	0			14.68924284		0		0.020959134					0	0	0.090420613	0	0.506953802	2.854573168	0	
133		OC02_03	PM2.5	0.223489894	0.533438066	1.530224668	0.83376305	12	0	56.7628324			2.493410744		0.024613953		0.039690748					0	1.095409691	0	0	0	0	39.58404064	
136		OC02_03	PM2.5	0.558724735	0.84343964	2.612256908	0.971905435	47	75.06375313	0			1.070221607		0		0.043619212					0	0	0	2.890766785	14.69903439	0	6.23260662	
137		OC02_03	PM2.5	0.335234841	0.653325536	1.978417097	0.929130466	27	90.84793329	0			2.681571059		0.0327769		0.343287759					0.213333615	0	0	5.432675034	0	0.448418595	0	
138		OC02_03	PM10	48.05032717	7.821737447	35.3489627	2.069412819	1740	47.31145203	0			15.12391716	18.62686723	0.373559468	8.921807259	1.069506537					5.109958723	3.179715201	0.283224275	0	0	0	0	
139		OC02_03	PM2.5	0.446979788	0.754395348	2.164064479	0.83376305	28	38.36416602	30.96237779			0.326731382		0		7.908479124					0	0	0	0.422417792	2.607242763	0	19.40858811	
140		OC02_03	PM10	5.475502398	2.640383718	8.995700627	1.176078065	217	38.52919042	0.047012587			9.201022238	21.2867111	0		0.390315382					6.141215935	7.007142901	11.75016612	0	0	0	5.647224188	
142		OC02_03	PM2.5	0.223489894	0.533438066	1.530224668	0.83376305	22	13.02053034	19.62388009			0		0.010051568		0.015413154					5.116926134	0	0	0	0	17.72170961	44.49149072	
144		OC02_03	PM2.5	2.346643885	1.728536893	6.492193438	1.429308085	106	26.94494128	8.662469685			2.124065161	50.04271865	0.852663815		3.79018411					4.226487875	3.356479853	0	0	0	0	0	
143		OC02_03	PM2.5	0.335234841	0.653325536	1.978417097	0.929130466	21	0	0			0		0		0.025666101					0	8.379446715	19.82081234	0	0	0	71.77408338	
141		OC02_03	PM2.5	0.223489894	0.533438066	1.530224668	0.83376305	36	49.83054996	0			48.55042398		0.766972685		0					0	0.090998941	0.102281559	0.116011733	0.140998152	0.17647132	0.225282391	
148		OC02_03	PM2.5	3.687583248	2.166835669	8.284963152	1.481253757	88	30.38724959	46.58063948			2.037901431		4.231034964		0					0	0	0	0	0	16.76318049	0	
149		OC02_03	PM2.5	3.24060346	2.03127164	6.492193438	1.0350162	113	49.39608574	0			0		0		0					0	0	0	23.69978428	0	12.43506894	14.4690603	
155		OC02_03	PM2.5	1.45268431	1.360005555	4.590674005	1.154441146	84	40.33049047	0			0		0		0.009436569					0	0	0	0	0	24.68007207	34.98000503	
154		OC02_03	PM2.5	0.335234841	0.653325536	1.978417097	0.929130466	24	48.04966748	0			16.72400087		0.061338081		0					0	0	13.1578058	2.420470119	7.987897843	9.014254808	2.584574372	
158		OC02_03	PM2.5	2.234898938	1.68687928	5.595808581	1.114956559	77	38.80468309	32.90711939			24.58038628		0		0.009040882					1.209259219	1.364500169	0	1.125017647	0	0	0	
164		OC02_03	PM2.5	1.45268431	1.360005555	4.328128958	1.026169907	56	43.98190081	0			1.909694448		0		2.280769497					0.013303351	0	0	0.028371174	0.304173352	0.02623708	0	51.45555139
168		OC02_03	PM2.5	2.011409044	1.600314199	4.96196877	0.974087097	81	45.6757009	18.7232092			7.616408914		0		0.647765677					14.20214772	0	0	0	1.113167685	11.94926128	0.072339748	
167		OC02_03	PM2.5	1.340939363	1.306651072	4.142481576	1.018361958	61	10.57507247	0.236417446			1.589266397	36.98428869	3.125413507		0					0	14.74666595	10.35577282	0	0	19.84681934	2.540283091	
173		OC02_03	PM10	8.492615965	3.288333086	15.56479173	2.270049241	308	52.98756361	0			16.60138816	20.28697729	0		7.638158649					0	0	0	2.485907823	0	0	0	
172		OC02_03	PM2.5	0.558724735	0.84343964	2.612256908	0.971905435	23	72.25127816	0			8.035904169		0.015870605		0.027438276					9.10507068	0	0	0	1.608625241	8.955808729	0	
175		OC02_03	PM2.5	0.446979788	0.754395348	2.164064479	0.83376305	31	23.91883731	15.83952308			12.6535669		0.006735602		0					0.875363778	2.497366816	0	0	0	41.32766128	2.88094487	
174		OC02_03	PM2.5	4.134563035	2.294403878	7.311680631	1.028951597	144	47.6950556	12.67574579			14.59704787		1.335822139		0.526121166					1.545214839	0	1.036435552	0.943592936	0	2.718956023	16.9260025	
176		OC02_03	PM10	8.380871018	3.26662768	13.06128454	1.619842392	371	49.18144345	2.954692394			0.981202628	32.88246095	0.303151226		1.038182341					3.363263234	6.315339357	1.886883192	0	0	1.093381364	0	
178		OC02_03	PM2.5	0.782214628	0.997971241	3.87993653	1.531487459	56	49.895823	25.76617002			11.38508543		0.444979314		0.202943361					0	0	0	0	12.30500042	0	0	
181		OC02_03	PM2.5	3.464093354	2.100147767	7.202930912	1.191842992	115	60.13658047	0			17.41314083		0		5.394876748					0	0	0	0	0	10.02655849	7.028844208	
182		OC02_03	PM2.5	1.564429257	1.411344463	6.940385866	2.450199462	82	35.80965698	0.263627782			16.44960344		0		0.459939986					0	5.941060558	2.86788661	0	3.026570193	35.18165052	0	
188		OC02_03	PM10	72.85770538	9.63147505	42.13555323	1.939152872	1590	38.74065876	1.270916127			17.26438999	26.98139548	0.348884123	12.59539276	0.420907745					0	0	0.201655668	0	2.175778709	0	0	
190		OC02_03	PM2.5	3.799328195	2.199421492	8.022418106	1.348012472	159	63.59362006	0			0.329092587	33.57031941	2.506970428		0					0	0	0	0	0	0	0	
191		OC02_03	PM10	6.257717027	2.822688927	10.63467501	1.438211182	163	41.28498137	0			9.466116875	27.61743069	3.350028768		10.58453247					0	0	0	0	1.238713134	6.458201259	0	
194		OC02_03	PM10	5.922482186	2.746040517	10.78847034	1.563889691	196	44.15440559	0			8.460894972		0		15.79840928					8.609525859	0	0	0	0	6.63644895	16.34031236	
195		OC02_03	PM2.5	0.670469681	0.923941834	2.79790429	0.929130466	55	59.36575532	0			0		0.692606019		33.35766792					0	0	0	0	0	6.583976746	0	
196		OC02_03	PM2.5	0.223489894	0.533438066	1.607122332	0.919665974	6	59.28338766	38.6521101			0.057229964		0.079005829		0.143173733					0.517681148	0.555700762	0	0.711708376	0	0	0	
197		OC02_03	PM2.5	1.78791915	1.508790696	5.487058862	1.340051527	61	34.10790861	0			6.512149423		0		0					19.0724954	32.03708827	6.151557714	0	0	0	2.118802629	
198		OC02_03	PM2.5	0.223489894	0.533438066	1.530224668	0.83376305	15	61.61465049	0			1.199232973		0		0.092206791					7.57009387	16.02244377	0.390339643	1.505962759	0	11.60507649	0	
199		OC02_03	PM2.5	0.335234841	0.653325536	2.240962143	1.192092698	29	33.78647864	16.78552777			0		0.998052396		0					10.81819981	32.83873498	4.373616725	0	0	0	0.399394985	
200		OC02_03	PM2.5	0.446979788	0.754395348	2.426609525	1.048339735	14	18.38200539	25.51727295			0		0.024515012		0.155351008					0	0	39.07646537	16.84438139	0	0	0	
205		OC02_03	PM2.5	0.670469681	0.923941834	3.87993653	1.786735369	53	30.18665016	0.730704982			17.56402999		0.004284283		0					32.13623762	3.831605241	0	2.642609738	0	0.180908397	12.72297055	
201		OC02_03	PM2.5	0.446979788	0.754395348	2.426609525	1.048339735	21	18.24578494	0			0		0.004580007		6.201102212					5.979385599	11.11017466	20.28469145	0	25.41838884	8.371598274	4.38429378	
204		OC02_03	PM2.5	0.446979788	0.754395348	2.426609525	1.048339735	27	45.84918618	0			18.92640293		0		9.425111115					0	0	0	0	0.893881544	24.90542084	0	
202		OC02_03	PM2.5	3.687583248	2.166835669	7.945520442	1.362363505	197	45.35286427	15.00941515			18.71282458		0		0.528668426					0	15.88959098	4.506634548	0	0	0	0	
203		OC02_03	PM10	28.04798167	5.975935024	33.26179588	3.138917557	1106	53.62894535	4.596121609			6.069934741	28.13711762	0.694979588		0			5.471159145		0	0	0	0	0	0	1.401758008	
209		OC02_03	PM2.5	0.446979788	0.754395348	2.164064479	0.83376305	21	20.81833929	53.34203243			0.588753959		0		2.439346351					3.39227058	10.63694209	0.597815774	0	0	8.184503764	0	
210		OC02_03	PM2.5	0.335234841	0.653325536	1.978417097	0.929130466	25	0	31.37289584			31.71317577		0.083952647		34.45389569					0.333532086	0.222568028	0.248706155	0.280598388	0.338010117	0.419942942	0.532729551	
207		OC02_03	PM2.5	3.799328195	2.199421492	7.651123341	1.226122132	145	51.72029138	0			0.525155989	39.85340297	0.358327525		1.796906255					0	0	0	0.446518045	5.299400911	0	0	
211		OC02_03	PM10	50.73220589	8.037054855	43.74267557	3.001352996	1896	42.60854721	6.102078408		4.546874389	8.728253841	14.0959233	0.116996758		0		20.06188929			0	0	1.00610368	0.39122249	2.048654109	0.293468498	0	
212		OC02_03	PM10	21.34328486	5.21297557	22.24263255	1.844595946	912	43.04304421	6.106895208			10.43023467	26.00836158	0	10.60976684	0					0	0	1.931660995	1.564174518	0.305861258	0	0	
213		OC02_03	PM10	8.157381124	3.22277834	11.00596978	1.181669468	305	30.66875637	8.73087123			1.800040901		2.604870312		0		41.80960357			5.952610821	6.375965476	0	0	0	2.057277411	0	
215		OC02_03	PM2.5	1.899664097	1.555225852	5.224513816	1.143418159	105	19.70996112	0			4.054079577	57.97748566	0		0					12.17992678	4.826233163	0	1.25230886	0	0	0	
216		OC02_03	PM10	53.74931946	8.27259083	30.89889047	1.413523183	2070	42.98156798	0.534813385	6.75432682		11.16880253	32.01971948	0		0					0	0	0	0	0	4.109593481	2.431169339	
214		OC02_03	PM10	20.0023455	5.046560935	17.12686845	1.166984628	734	50.74003935	4.648674279			16.28834009	21.51166201	0.355358003		1.874229126					0	0	0.098350469	0	0	1.068840642	3.414497524	
218		OC02_03	PM2.5	1.229194416	1.251023157	4.590674005	1.364339536	74	57.25448132	9.706851095			12.73502409		0		0					1.068374142	0	1.753688604	7.733430713	4.18645516	0	5.561693385	
223		OC02_03	PM2.5	0.335234841	0.653325536	1.978417097	0.929130466	36	26.2506038	34.8611474			2.818612009		0		11.33249477					0	0	0	0.185695174	0.224446971	24.32700247	0	
219		OC02_03	PM10	31.17684019	6.300443302	40.38782913	4.163504703	1068	57.86226988	0.602576369			1.488576178		0		31.37976527					0	0	0	0	0	7.994811237	0.672003953	
222		OC02_03	PM2.5	0.893959575	1.066876133	3.246096719	0.937983431	43	26.02404654	14.746961			1.147032063		0		0.910829753					6.242115796	15.61403424	2.696442045	13.18721622	0	19.43131685	0	
224		OC02_03	PM2.5	0.335234841	0.653325536	2.164064479	1.111684066	33	69.0398097	0			20.97491175		6.944862008		0.075654656					0.268032961	0.287214713	0.322944089	0.366647728	0.446318509	0.559192663	0.714406697	
226		OC02_03	PM2.5	0.223489894	0.533438066	1.530224668	0.83376305	20	26.00591481	0			2.121290751		0.01109447		2.685063891					1.522918046	0.927182566	0	0	52.94203162	13.78450096	0	
225		OC02_03	PM2.5	4.469797876	2.385607556	7.836770723	1.093393614	195	30.92812598	0			0		0		2.356822044		58.59258771			0	0	0	0	0	6.825973094	1.296489034	
227		OC02_03	PM10	35.75838301	6.747517121	22.24263255	1.100993205	832	57.84557462	5.943832546			1.146560721		0.719671044		32.70602822					0	0	0	0	0	1.638343371	0	
228		OC02_03	PM10	7.486911443	3.087496027	10.37212997	1.143466221	230	42.09786355	6.894542277			0.100699544	42.56871641	0		1.558430307					0	1.121941023	1.833462901	1.477720682	2.346610464	0	0	
230		OC02_03	PM2.5	0.670469681	0.923941834	2.79790429	0.929130466	46	32.81260431	31.12001717			21.55941278		12.26246431		0					0	0	2.245504595	0	0	0	0	
																													
																													
																													
																													
