Id	Area	Field	Class	Area (?m²)	ECD (?m)	Perimeter (?m)	Shape	Count	O Wt%	F Wt%	Mg Wt%	Al Wt%	Si Wt%	Cl Wt%	K Wt%	Ca Wt%	Fe Wt%	La Wt%	Ce Wt%	Pr Wt%	Nd Wt%	Sm Wt%	Gd Wt%	Dy Wt%
2		OC03_02	PM2.5	4.022818089	2.263186044	7.651123341	1.158004236	152	46.88822329	24.64833707		12.48233691		2.42054835		6.539729983		0	0	3.956801444	0	0	0	3.064019419
1		OC03_02	PM2.5	4.246307982	2.325202624	8.208065488	1.262583971	160	43.75397563	7.704737782		8.390321583	18.91530156	0.617484935		1.98931396		6.900544465	2.225247025	0	5.021223053	0.756318821	0	3.72553505
4		OC03_02	PM2.5	0.223489894	0.533438066	1.530224668	0.83376305	27	50.19020438	35.34920812		3.488463536		8.850383759		0.052427349		0.186706299	0.200177357	0.225216802	0.255792448	0.311580393	0.390591566	0.499248458
6		OC03_02	PM2.5	0.335234841	0.653325536	2.317859807	1.275308684	28	50.34419894	21.34840786		0.077932409		2.217571437		18.7411949		1.893235371	4.448055476	0.639145402	0	0	0	0.290256087
8		OC03_02	PM2.5	1.005704522	1.131593022	4.142481576	1.357815944	34	9.842406958	4.87758331		0		0		0		61.16343141	17.0526728	0	7.063916326	0	0	0
7		OC03_02	PM10	14.63858804	4.317224708	16.90936901	1.554339023	441	54.72013354	12.27437854		2.283890732	13.36648017	2.281562984		5.005490407		3.258223459	3.61340791	0	3.082728758	0	0.113717443	0
9		OC03_02	PM2.5	0.335234841	0.653325536	2.164064479	1.111684066	16	56.57572746	23.24883044		0		0.042744452		16.9283703		0.291396165	0.311761233	0.350091397	0.396921905	0.482067326	0.602929294	0.769149559
11		OC03_02	PM2.5	0.446979788	0.754395348	2.951699618	1.551124184	33	93.60665083	0		0		0.018562502		2.555426024		0.122401759	0	0	0.282777939	3.155982122	0.258202339	0
10		OC03_02	PM2.5	0.223489894	0.533438066	1.530224668	0.83376305	23	29.50783372	10.28028578		0.038071017		0		34.33760107		15.13749063	0	0	7.680419832	3.018294275	0	0
12		OC03_02	PM2.5	2.011409044	1.600314199	6.754738484	1.805123069	65	20.05975395	0		0		0.311329681		11.44023612		10.66814736	13.08202893	19.74423975	17.88115352	3.524097055	0	3.289011866
14		OC03_02	PM2.5	2.011409044	1.600314199	5.224513816	1.079894928	68	13.32845837	16.38328135		30.48821092		0		0.283388793		0	0	27.18251348	12.33414486	0	0	0
13		OC03_02	PM2.5	0.558724735	0.84343964	2.612256908	0.971905435	22	60.60509682	0		2.913617715		0		1.217269525		0	0	0	0	0	35.2640152	0
16		OC03_02	PM2.5	1.78791915	1.508790696	4.699423723	0.982950097	88	46.35174572	20.15690655		0		0		26.90835595		0.125787046	0.459214114	0	0	2.665822953	0	3.332164511
15		OC03_02	PM2.5	0.335234841	0.653325536	2.164064479	1.111684066	28	65.48793912	0		6.110910699		0.32698724		0		0	0	0	0	0.335030793	27.73913145	0
20		OC03_02	PM2.5	3.24060346	2.03127164	6.492193438	1.0350162	94	48.60279858	21.16736323		6.913751364		1.185050979		2.462373488		1.840270497	0.828264933	0	0	6.388062239	10.6120646	0
19		OC03_02	PM10	8.492615965	3.288333086	12.08800202	1.369171019	264	82.84652829	0		9.492189437		0.736853806		5.102789775		0	0	0	0	0	1.821641997	0
17		OC03_02	PM2.5	3.017113566	1.959976608	6.306546055	1.049014815	129	34.81857479	3.097280674		23.68548959		0.329013588		0		1.403146796	10.21972224	18.12355518	0	0	5.423770845	2.899442054
18		OC03_02	PM2.5	0.558724735	0.84343964	3.431744101	1.677343577	20	99.87431169	0		0		0.125689013		0		0	0	0	0	0	0	0
21		OC03_02	PM2.5	1.229194416	1.251023157	4.590674005	1.364339536	43	45.613572	0		0.509685278		0.015497259		26.99428499		0.240555475	0.311942119	1.662258804	3.144972399	3.971029818	0	17.53620654
23		OC03_02	PM2.5	0.782214628	0.997971241	3.060449336	0.952872057	54	48.52596819	3.168892488		0.240692333		1.291000284		0.013304985		0.082436716	0.39121923	2.292345278	2.110121027	5.481009185	0	36.40302718
24		OC03_02	PM2.5	2.123153991	1.644166543	8.438758479	2.669105599	101	51.97318792	0		0		0		1.864557527		0	0	5.485823378	0	19.14064139	21.53578997	0
26		OC03_02	PM2.5	1.899664097	1.555225852	5.038866433	1.063601679	56	57.13400245	15.59876949		15.11712968		1.678376831		0		0	0	0	0	7.02598989	3.445731848	0
25		OC03_02	PM2.5	1.676174204	1.46088031	4.513776341	0.967277432	77	57.69020319	0		5.058864132		3.527764231		0.009638078		2.060730942	2.445942909	5.384634063	9.593615681	0.932264049	8.556043357	4.74030152
27		OC03_02	PM2.5	0.223489894	0.533438066	1.530224668	0.83376305	27	62.49788404	0		0		0.015959016		31.39904439		0	0.916166604	1.674419269	0	3.496522084	0	0
28		OC03_02	PM2.5	0.223489894	0.533438066	1.530224668	0.83376305	8	56.71101809	0		0		30.90696633		0.318510388		1.101018675	1.176742371	1.318812277	1.494625211	1.813946664	2.267691493	2.890662849
30		OC03_02	PM2.5	2.570133779	1.808976496	5.672706244	0.996357044	82	43.66599321	0		17.15216488		0		0		4.798119515	12.24721	6.485389918	2.418510243	2.20713485	0	11.02547795
31		OC03_02	PM2.5	0.558724735	0.84343964	2.689154571	1.029968091	43	70.65168619	0		16.82501137		1.217624824		0		2.675546519	0.425751926	1.716031507	6.488345563	0	0	0
29		OC03_02	PM10	25.14261305	5.657965111	30.04755122	2.857576677	794	45.6820488	16.49266481		7.874102145	21.71326131	0.05809922		2.372269891		1.681986451	3.227384388	0	0	0	0.898184255	0
35		OC03_02	PM2.5	0.335234841	0.653325536	1.978417097	0.929130466	22	0	3.57821472		0		0.040512174		92.28658676		1.015833393	0.344706606	0.382216228	0.428142771	0.509569608	0.626557926	0.787662342
36		OC03_02	PM2.5	0.893959575	1.066876133	3.246096719	0.937983431	34	49.31276739	0		0.500565115		0.02346886		27.1974057		0	0	0	12.95747906	6.507300586	3.501017392	0
37		OC03_02	PM2.5	0.782214628	0.997971241	4.513776341	2.072737354	32	19.18668747	41.01475775		0.230251602		0		0.134660595		0.236590253	1.1106872	1.140767802	0.206470932	0	0	36.73912883
38		OC03_02	PM10	25.47784789	5.695559977	25.1174345	1.970506866	734	43.93671155	6.61496222		2.151185274	27.06535161	0		2.246037871		0	0	0	0	5.702695623	0	12.28305772
39		OC03_02	PM2.5	3.911073142	2.231531534	7.388578295	1.110749069	162	45.63810527	7.804606855		21.28236592		3.976111859		3.195428476		6.828889251	11.27448827	0	0	0	0	0
40		OC03_02	PM2.5	0.893959575	1.066876133	3.246096719	0.937983431	49	83.07099938	0		9.701232612		0.023891013		0		0	0.161639159	0.329829636	0.206617685	0.338837504	0.794089772	5.37285991
41		OC03_02	PM2.5	0.670469681	0.923941834	2.79790429	0.929130466	17	0	4.308645055		0.445026858		0.012092351		17.37569273		47.57542312	26.39698386	0	3.88613306	0	0	0
45		OC03_02	PM10	5.698992292	2.693730193	9.290097728	1.205126487	203	38.93073797	25.00210702		2.292618901		1.724315621		4.481974617		3.045862168	0.632788194	6.812205166	8.981472999	0	8.095917106	0
42		OC03_02	PM2.5	3.687583248	2.166835669	7.75987306	1.299443905	187	40.41974545	3.600385785		5.450086296	41.8979764	0.341033121		0.568243209		2.327327617	1.296473574	0	0	0	4.098725691	0
48		OC03_02	PM2.5	0.223489894	0.533438066	1.530224668	0.83376305	9	20.34355253	9.454572946		62.56241798		0.117188273		0.192346575		0.667893793	0.714138243	0.801053084	0.908043515	1.102469489	1.378501765	1.757832244
49		OC03_02	PM2.5	0.670469681	0.923941834	2.79790429	0.929130466	27	38.53941858	8.046998829		18.69159937		0.010002386		0.016409952		0	0	0	28.25608552	0	0	6.43947795
50		OC03_02	PM2.5	0.670469681	0.923941834	2.79790429	0.929130466	36	0	0		44.01656687		0		0		3.13856639	15.78723043	2.335375734	0	12.47626171	22.24599421	0
51		OC03_02	PM2.5	3.24060346	2.03127164	6.492193438	1.0350162	126	84.34203863	0		13.68244737		1.975510456		0		0	0	0	0	0	0	0
53		OC03_02	PM2.5	1.45268431	1.360005555	4.328128958	1.026169907	77	32.43554831	8.454719186		5.772468448		1.704925857		0		1.996567287	4.600058123	25.51904023	8.572239429	6.883697957	2.623587288	1.43714631
54		OC03_02	PM2.5	1.117449469	1.192803778	6.600943157	3.102946075	52	57.5273931	0		30.75416386		11.71844825		0		0	0	0	0	0	0	0
55		OC03_02	PM2.5	2.346643885	1.728536893	6.831636147	1.582677409	99	35.21148264	7.151546329		4.243019223		1.626752317		21.70376331		0	5.792628601	17.71365255	2.486248128	4.070903733	0	0
57		OC03_02	PM2.5	0.335234841	0.653325536	2.164064479	1.111684066	15	70.06860971	13.79661113		0		0.014183995		14.99690413		0.147508166	0.104292715	0.117212103	0.132932921	0.161551067	0.202162145	0.258030882
58		OC03_02	PM2.5	0.223489894	0.533438066	1.530224668	0.83376305	23	49.671489	0		0		0		0.674493378		0	0	2.566953935	33.33578706	0	9.354420751	4.396857321
56		OC03_02	PM2.5	2.346643885	1.728536893	6.754738484	1.547248345	111	32.22777843	11.58021986		16.36864543		0		0		0	3.942893445	16.6032061	0	0	8.476102352	10.80114618
59		OC03_02	PM2.5	1.676174204	1.46088031	5.038866433	1.205415236	67	43.77216101	29.67666686		1.149270404		2.397503145		0.008453327		0	0	0	0	0	0	22.99594432
60		OC03_02	PM2.5	1.45268431	1.360005555	4.513776341	1.116089345	72	62.5438273	0		9.598857164		1.029783953		0		1.333234552	12.38035113	1.924267039	0	0	11.18968129	0
63		OC03_02	PM2.5	1.899664097	1.555225852	5.672706244	1.348012472	82	41.56841934	13.33971918		0		2.528379112		20.88527828		0.221055862	13.89489323	5.889683217	0	0	0	1.672570407
