Id	Area	Field	Class	Area (?m²)	ECD (?m)	Perimeter (?m)	Shape	Count	O Wt%	F Wt%	Na Wt%	Al Wt%	Si Wt%	S Wt%	Cl Wt%	K Wt%	Ca Wt%	Fe Wt%	La Wt%	Ce Wt%	Pr Wt%	Nd Wt%	Sm Wt%	Gd Wt%	Dy Wt%
2		OC03_03	PM2.5	1.005704522	1.131593022	3.87993653	1.191156913	68	57.92704225	8.335726708		0			6.545566022		8.387121558		0	2.710150369	15.80350548	0	0	0.290880469	0
3		OC03_03	PM10	18.99664097	4.918055968	16.78742574	1.180542239	710	61.1661911	0		8.057060838	12.32856736		0.717061851	6.11580871	5.904183537		0	0	0	0	0	0	5.711121857
10		OC03_03	PM2.5	0.446979788	0.754395348	2.164064479	0.83376305	47	8.718375117	10.73546186		1.485628076			0.623293873		8.248398453		3.699902818	0	33.22863281	1.42585868	0	31.83444142	0
11		OC03_03	PM2.5	0.223489894	0.533438066	1.530224668	0.83376305	22	78.82796526	0		0			0.019215586		19.64963526		0	0	0.160840643	0.394904334	0.318157207	0.276547624	0.352735422
13		OC03_03	PM2.5	4.246307982	2.325202624	7.202930912	0.972292967	141	74.12904501	0		9.501171112			1.823166013		4.668722674		2.094236761	1.575054787	0	1.993739791	0	0	4.214863852
14		OC03_03	PM2.5	0.223489894	0.533438066	1.530224668	0.83376305	9	0	1.361622475		0.03478454			51.19785666		0.098556676		5.634259805	4.464657605	3.556639329	17.18371511	0	0	16.46789759
16		OC03_03	PM10	14.86207794	4.350055787	17.04997079	1.556531378	379	58.74637961	0		4.438479245	14.79636282		0		4.765715078		7.542213053	1.163618173	0	0	3.629463539	4.917764664	0
18		OC03_03	PM10	29.27717609	6.105477734	27.46714636	2.050633437	758	42.20562577	0		3.315067664	26.71344578		0		2.599702589		11.97801977	4.699991271	0	2.162984572	0	5.414966121	0.910189282
19		OC03_03	PM10	9.945300275	3.55847574	12.35054706	1.220519228	375	47.1632272	13.23191673		3.594692796	26.18870139		0.873506814		0.224409439		0.610268069	0.060576829	2.40903832	2.038104273	3.605558351	0	0
20		OC03_03	PM10	26.14831758	5.770014902	39.26075128	4.690980167	640	64.70257044	0		0			0		5.199287832		7.018125057	0	0	13.50913346	0	0	9.570873529
21		OC03_03	PM2.5	3.464093354	2.100147767	7.01728353	1.131197919	142	58.76204967	0		2.8264625	38.41147721		0		0		0	0	0	0	0	0	0
22		OC03_03	PM2.5	2.011409044	1.600314199	5.410161198	1.158004236	69	29.24574316	12.26445511		2.92474702			3.968672454		0.017621768		6.705935299	19.02201474	0	0	0	6.305990368	19.54482794
23		OC03_03	PM2.5	0.335234841	0.653325536	2.164064479	1.111684066	15	34.38516557	10.30785441		22.59016633			0.009435091		2.003091387		0	0.391860399	18.34002882	11.97240278	0	0	0
25		OC03_03	PM2.5	0.446979788	0.754395348	2.164064479	0.83376305	16	60.39801836	15.66937268		0.823839754			0		20.10968029		1.053899899	0.559564959	0.186719676	0.211545173	0.256845984	0.321125332	0.409390498
26		OC03_03	PM2.5	0.335234841	0.653325536	2.164064479	1.111684066	23	0	16.48865193		28.6758095			38.57811093		0		0	0	0	0	0	16.25742763	0
27		OC03_03	PM10	14.75033299	4.333671338	15.75043911	1.338362143	511	47.1236974	0		0			0		29.52412367		2.495563775	5.894352868	4.731252417	8.520026505	1.211199258	0.480827922	0.01895137
28		OC03_03	PM2.5	3.128858513	1.995942481	7.202930912	1.319540455	130	45.68510354	25.40777028		25.7532388			1.522865146		0.431157323		0.025133369	0.026929751	0.046906422	0.034383312	0.05399895	0.12719899	0.885310769
30		OC03_03	PM2.5	0.893959575	1.066876133	3.508641765	1.095847984	19	20.13463676	41.40663147		5.116600916			8.964025229		0.05145446		4.277166724	10.54107472	3.575683385	1.292041969	0	4.640683159	0
31		OC03_03	PM2.5	3.799328195	2.199421492	7.574225677	1.201599689	146	41.7023778	19.9216485		3.465683386			0		0		0	0	0	11.29549965	0	23.61479253	0
32		OC03_03	PM2.5	1.117449469	1.192803778	3.694289147	0.971905435	62	61.49863005	10.77366844		1.582661457			0		20.42524368		0	0	0	0	5.719800666	0	0
34		OC03_03	PM10	10.83925985	3.714966255	14.51461154	1.546683109	525	54.00670767	0		0.138371508	43.25530231		0.662768353		1.207182184		0	0	0	0	0	0	0.729654171
35		OC03_03	PM2.5	0.335234841	0.653325536	2.240962143	1.192092698	39	96.19845152	0		0			0		0.198036805		0.322683854	0.346715935	0.390500482	0.444488507	0.543201063	0.682341121	0.873581786
36		OC03_03	PM2.5	2.123153991	1.644166543	5.595808581	1.173638483	81	38.30818236	6.834802032		22.84809947			0.191346009		0.599949434		1.042555552	0.860135444	0.105810189	0.385204284	12.70117015	12.83304989	3.289699554
37		OC03_03	PM10	9.051340699	3.394779067	11.53105987	1.16900314	308	58.52580667	0		0			0		29.03701365		3.592800722	5.995436385	1.54766636	0	0	0	1.301281899
38		OC03_03	PM10	21.34328486	5.21297557	18.99653583	1.345481397	720	55.72379827	0		14.99120593			0		9.686617553		0	1.359792147	2.408859693	4.837749898	4.018966854	0	6.973011047
39		OC03_03	PM2.5	0.893959575	1.066876133	3.431744101	1.048339735	59	76.41499639	21.33575976		0			0		1.727303118		0	0	0.104537385	0.073083665	0.089160545	0.111921935	0.143229216
40		OC03_03	PM2.5	1.005704522	1.131593022	3.508641765	0.974087097	30	43.06339622	21.35016322		6.016556546			0		29.03107107		0	0	0.07308583	0.082656561	0.099961122	0.124594779	0.158513768
41		OC03_03	PM2.5	0.335234841	0.653325536	2.240962143	1.192092698	21	15.1884526	40.48137069		0			0.023155089		17.07029492		17.80883521	7.648005337	0	1.77988857	0	0	0
48		OC03_03	PM10	7.93389123	3.178324096	11.53105987	1.33365147	264	47.48921394	15.19424319		7.576789707	14.37395066		0		2.492182143		0	0	0.50314893	10.77412292	0	0.244590151	1.351766288
51		OC03_03	PM2.5	4.022818089	2.263186044	7.651123341	1.158004236	114	21.57165855	0		6.704067439			3.533858433		16.58372283		0	14.29897547	11.59647629	0	3.073849529	0	22.63739407
52		OC03_03	PM10	35.42314817	6.715813655	33.35735205	2.499689794	975	55.38275242	0		4.736820236	10.57652682		0.837873854		23.90346825		0.095080322	1.869355328	1.091973018	0	0	1.506155729	0
53		OC03_03	PM10	7.59865639	3.110451704	10.0008352	1.047432081	334	37.66077757	11.20323837		12.27432862	26.63334906		0		0.823179167		2.559632994	6.794895232	2.050603554	0	0	0	0
55		OC03_03	PM2.5	1.117449469	1.192803778	3.87993653	1.072041222	30	52.48052478	16.09750241		15.78116417			0.014449909		0		0	0	8.049029857	0	2.17377115	1.907258853	3.496300802
56		OC03_03	PM2.5	0.223489894	0.533438066	1.530224668	0.83376305	28	36.08974516	0		17.86537766			0.013291369		0.026486104		39.5690918	0	0	5.548204854	0	0.887806248	0
57		OC03_03	PM2.5	2.90536862	1.923338301	7.651123341	1.60339048	135	65.77364206	1.416406035		19.88044828			0.847542472		8.167512715		0	3.032820486	0.881632231	0	0	0	0
58		OC03_03	PM10	13.40939363	4.131993495	15.62849584	1.449490453	495	50.14788508	7.928299159		7.629536092	20.29280216		0		6.710279733		1.329535246	3.866313025	0.18826524	0.012586871	0	1.894487441	0
59		OC03_03	PM10	30.84160535	6.266478401	38.13367343	3.752065805	851	47.12656438	3.813394532		4.39465642	30.22576571		0.129982352		4.861225933		0	0.556322606	0	0	6.477912515	0	2.414179221
