Id	Area	Field	Class	Area (?m²)	ECD (?m)	Perimeter (?m)	Shape	Count	O Wt%	F Wt%	Al Wt%	Si Wt%	Cl Wt%	Ca Wt%	Fe Wt%	La Wt%	Ce Wt%	Pr Wt%	Nd Wt%	Sm Wt%	Gd Wt%	Dy Wt%
6		OC03_01	PM10	10.9510048	3.734066465	12.98438688	1.225121216	359	19.34754252	0	0		0	1.667025685	68.08081865	0.364114181	2.011250891	3.424504772	5.104742944	0	0	0
1		OC03_01	PM2.5	0.558724735	0.84343964	3.399892046	1.646351232	31	30.46613038	0	0		0.077175413	41.65707231		16.06854945	0	0	0	0	11.73106283	0
2		OC03_01	PM2.5	0.446979788	0.754395348	2.164064479	0.83376305	20	49.4849354	0	0		0.211793534	0		30.41802049	19.88524944	0	0	0	0	0
3		OC03_01	PM2.5	0.223489894	0.533438066	1.607122332	0.919665974	15	64.55864906	0	0		0.014805654	0.024978776		3.558607027	0	0	31.4501673	0	0	0.39278809
8		OC03_01	PM2.5	0.223489894	0.533438066	1.530224668	0.83376305	26	57.85491467	40.67160785	0		0.019468235	0.035284663		0.127276173	0.136673974	0.153979275	0.175111729	0.213760836	0.268399203	0.343529927
5		OC03_01	PM10	6.48120692	2.872651902	12.42744473	1.896260198	235	46.98768556	7.719209045	0		0.588059379	20.97599953		2.53090281	0	0	0	2.013746463	12.24322468	6.941176951
9		OC03_01	PM10	6.816441761	2.946008012	14.85405425	2.575860973	225	73.66666198	0	0.628298195		0.786813535	9.030666947		0	0	0	0.449820654	15.43774009	0	0
13		OC03_01	PM2.5	1.340939363	1.306651072	4.513776341	1.20909679	51	52.98920274	0	13.35451603		0.010420939	5.262449384		0	0	0	0	0	24.14818704	4.235223308
12		OC03_01	PM10	9.498320487	3.477590725	11.71670725	1.150149976	244	61.96056604	0	8.959197998	16.30907208	2.731208503	2.529374883		0	0.265587773	6.613658369	0.63132951	0	0	0
14		OC03_01	PM10	5.475502398	2.640383718	9.290097728	1.254315323	176	37.15603352	10.02213061	1.106613316		0	0		0.78957174	5.79700619	11.05629951	5.987771228	6.010518223	1.163810678	20.91025114
16		OC03_01	PM2.5	0.446979788	0.754395348	2.164064479	0.83376305	34	0	0	0		17.7346006	0.029258884		0	41.09489918	33.88881981	0	0	2.443978004	4.808440059
11		OC03_01	PM2.5	0.223489894	0.533438066	1.530224668	0.83376305	21	63.48080039	0	0		17.36240238	2.039584704		0	0	7.268137485	0	0.191916444	9.657157212	0
17		OC03_01	PM2.5	0.670469681	0.923941834	2.79790429	0.929130466	18	0	0	2.036645077		18.10948402	0		0	0	12.89512813	0	7.995317131	3.284265846	55.67916632
18		OC03_01	PM2.5	0.446979788	0.754395348	2.164064479	0.83376305	4	22.40873128	37.57264316	0.557895983		35.7501179	0.095842988		0.330821145	0.35332269	0.396152958	0.448506512	0.543430541	0.678425189	0.864117779
21		OC03_01	PM2.5	0.670469681	0.923941834	2.79790429	0.929130466	23	57.31495619	0	0		0.013312907	0.022088691		0	0	0	42.64964163	0	0	0
20		OC03_01	PM2.5	2.123153991	1.644166543	5.410161198	1.097056644	85	51.73768997	0	0		1.526029035	3.394896165		0	0	1.423589699	0	0	15.92624485	25.99155009
19		OC03_01	PM2.5	2.90536862	1.923338301	7.651123341	1.60339048	90	41.95740521	28.34724486	0		0	1.248272322		0	0	0	0	0	28.4470737	0
23		OC03_01	PM2.5	1.78791915	1.508790696	4.776321387	1.015381726	44	30.81753552	5.993476883	0		5.326132849	0		0.569364103	1.786346175	0	0	22.86944687	11.51022241	21.12746686
26		OC03_01	PM2.5	0.223489894	0.533438066	1.530224668	0.83376305	4	0	51.59412622	1.956470311		0.726385461	1.178290043		4.0498171	4.332674295	4.843252897	5.498938635	6.694467366	8.400379866	10.72517931
24		OC03_01	PM2.5	2.681878726	1.847883667	8.022418106	1.909684335	94	32.19685853	4.998898134	0		0	3.044541739		6.691154093	18.56750548	19.47060078	4.225607216	0	2.878028713	7.926797867
27		OC03_01	PM2.5	0.335234841	0.653325536	1.978417097	0.929130466	1	0.565382	0.965761114	1.403357275		1.784281246	2.616509609		8.58822912	9.128549695	10.12908667	11.43606156	13.83787692	17.38564372	22.15926647
22		OC03_01	PM2.5	0.223489894	0.533438066	1.530224668	0.83376305	11	75.09493828	0	0		0.449070614	22.85427451		0.221128459	0.148209638	0.166333141	0.188403786	0.228476664	0.28541449	0.363752595
25		OC03_01	PM2.5	1.340939363	1.306651072	5.410161198	1.737006354	51	2.825221233	56.47990108	0		0.257379143	0		28.29726338	0	0	12.14023381	0	0	0
28		OC03_01	PM2.5	0.446979788	0.754395348	2.79790429	1.393695698	16	14.03648257	0	0.349786016		48.73360991	1.005410776		3.332697228	3.544032201	3.948841989	4.457754642	5.378418416	6.702385843	8.510575444
32		OC03_01	PM2.5	2.90536862	1.923338301	8.022418106	1.76278554	105	57.6865077	9.358403832	1.56976115		1.263558958	1.718659513		0	1.146041043	6.821038574	12.87656575	2.729633637	4.829827324	0
30		OC03_01	PM2.5	2.793623673	1.88598837	6.754738484	1.29968861	77	32.27458894	0.036627104	4.20743376		0	0		19.91714686	12.61372715	0.526112225	4.390002415	0	21.76827043	4.266091436
35		OC03_01	PM2.5	0.558724735	0.84343964	2.874801954	1.177085747	18	9.234083444	0	0		34.5051229	0.066371687		13.56965005	0	0	42.62477458	0	0	0
31		OC03_01	PM2.5	0.446979788	0.754395348	2.164064479	0.83376305	24	54.55574393	9.477768093	13.82138729		21.53933346	0		0.196974957	0.179834967	0	0.228957459	0	0	0
34		OC03_01	PM2.5	0.223489894	0.533438066	1.530224668	0.83376305	11	19.62683797	10.6143266	1.377076656		0.379489851	0.038805482		0	0.061056076	1.357588079	0.352982734	5.016373098	0	61.1754477
36		OC03_01	PM2.5	0.670469681	0.923941834	2.79790429	0.929130466	23	55.34043312	1.033974811	0		24.45630133	0.029760782		0	0	9.074055403	0	3.061527759	6.4814426	0.52250661
38		OC03_01	PM2.5	0.558724735	0.84343964	2.612256908	0.971905435	46	15.82109183	3.902372718	3.656925261		0.203583366	0		6.970862299	0	0	0	0	9.847078472	59.59808826
37		OC03_01	PM2.5	0.223489894	0.533438066	1.607122332	0.919665974	19	31.24305308	20.31855583	0.1853097		9.641281515	0.021962303		0	0	0	0	0	33.05859864	5.53124398
39		OC03_01	PM2.5	0.893959575	1.066876133	3.246096719	0.937983431	41	11.80855036	34.50737	5.468896776		0	0		0	0	2.065026574	6.86243996	18.62253398	0	20.66517323
40		OC03_01	PM2.5	0.446979788	0.754395348	2.426609525	1.048339735	10	40.43875635	56.51693344	0.329709332		0.125099323	0.063060928		0.22678962	0.243500085	0.274207187	0.311855995	0.380672142	0.477883732	0.611529918
42		OC03_01	PM2.5	0.893959575	1.066876133	3.431744101	1.048339735	37	0	45.77812254	0.283331703		0	11.59897894		0	0	9.709748626	26.90021992	0	4.843152314	0.886456203
43		OC03_01	PM2.5	1.564429257	1.411344463	4.328128958	0.952872057	44	53.98259163	0	6.845077872		0	0		17.94459075	10.30829996	0	10.91943607	0	0	0
41		OC03_01	PM2.5	2.681878726	1.847883667	5.858353627	1.018361958	81	73.26551676	0	0		7.194307446	0		0	0	0.756864948	2.477172762	0	16.30614251	0
46		OC03_01	PM2.5	0.446979788	0.754395348	2.164064479	0.83376305	43	90.74782133	0	7.261171192		0.059223373	0		1.616903767	0	0	0.314884074	0	0	0
45		OC03_01	PM2.5	1.229194416	1.251023157	3.87993653	0.974582929	57	79.30755615	0	6.119095907		0.866114814	0.864598714		0	0.42231977	5.781143904	0	0	0	6.639173627
44		OC03_01	PM10	16.64999709	4.604284387	28.70297393	3.937583415	502	52.59875655	8.215778321	2.155293524	25.99730194	1.51679581	1.83393769		0	2.805503272	1.596263424	0	0	1.102550887	2.177828923
47		OC03_01	PM10	7.375166496	3.06436839	13.9576694	2.102055225	311	35.24438143	18.45291853	2.674157359		0	10.2443777		0.288181845	0	0	0	0	6.816621125	26.27936304
48		OC03_01	PM2.5	1.005704522	1.131593022	3.431744101	0.931857543	29	77.65743136	0	0		0	1.867874712		0	0	0	11.88131496	2.83699967	5.756379291	0
50		OC03_01	PM2.5	0.782214628	0.997971241	3.246096719	1.071981064	27	52.82960534	10.41760966	2.670729905		0.013443439	0		1.579743437	0	1.30702192	1.026186626	5.93030788	1.556583308	22.66876698
49		OC03_01	PM2.5	0.223489894	0.533438066	1.530224668	0.83376305	13	0	13.30827773	0.899652205		0.027200615	0.040358579		0	16.02555364	4.945154116	0	46.36715949	14.95679617	3.429850936
51		OC03_01	PM2.5	0.223489894	0.533438066	1.530224668	0.83376305	12	38.89125884	0	0		0.018251206	20.65707296		3.023558855	10.58650017	10.28172299	0	0	0	16.54162258
53		OC03_01	PM2.5	0.446979788	0.754395348	2.164064479	0.83376305	14	0	0	38.77113163		0	0		0	0	0	0	0	61.22887135	0
52		OC03_01	PM2.5	0.670469681	0.923941834	2.79790429	0.929130466	32	88.35548162	0	11.64451614		0	0		0	0	0	0	0	0	0
54		OC03_01	PM2.5	2.570133779	1.808976496	5.93525129	1.090718373	88	61.79773211	0	10.87235659		0	2.005583234		11.71597838	13.60836178	0	0	0	0	0
55		OC03_01	PM2.5	0.446979788	0.754395348	2.164064479	0.83376305	26	21.54616565	12.97320873	1.345129963		0.094733958	0.015376831		0	1.712696254	0.061692193	0	44.46133673	13.81202191	3.977647424
56		OC03_01	PM10	7.93389123	3.178324096	16.60177836	2.764477865	213	45.81180811	0	19.97377723		0	7.285053283		0	0	0	0	0	26.92936361	0
58		OC03_01	PM2.5	1.45268431	1.360005555	4.328128958	1.026169907	65	61.61499619	0	6.17708005		0.303919404	0		16.39971137	12.60377765	0	1.092517469	0	0	1.807991974
60		OC03_01	PM2.5	4.022818089	2.263186044	7.574225677	1.134844151	134	60.07948518	25.01921356	8.261623234		0	5.487114191		0	0	1.152563747	0	0	0	0
59		OC03_01	PM2.5	0.558724735	0.84343964	2.612256908	0.971905435	25	87.1588707	0	0		0.029887911	4.010402784		0	0	0	1.632863097	0	7.167971134	0
61		OC03_01	PM2.5	1.78791915	1.508790696	4.776321387	1.015381726	62	65.26951194	0	0		0	12.83079088		0	0	0	0	9.624042362	0	12.27564886
62		OC03_01	PM2.5	2.793623673	1.88598837	6.306546055	1.132936	104	41.05985165	0	0		0	0		18.89926344	3.205132484	0	0.983633846	0	0.05120571	35.80091
64		OC03_01	PM2.5	0.670469681	0.923941834	2.874801954	0.980904789	34	80.90758324	0	8.398685604		0	9.94495526		0	0	0.135180715	0.107934419	0.131282525	0.164404023	0.209978409
65		OC03_01	PM2.5	1.78791915	1.508790696	5.224513816	1.214881794	59	52.38748193	2.338720486	0.003890284		0	11.6381228		1.910670847	0.368469511	6.248194352	23.60853851	1.495908014	0	0
68		OC03_01	PM2.5	0.223489894	0.533438066	1.530224668	0.83376305	26	30.23218215	0	14.44070637		0	0.022657102		2.4538422	52.85061598	0	0	0	0	0
66		OC03_01	PM2.5	0.893959575	1.066876133	3.508641765	1.095847984	31	62.92629242	0	18.10690463		2.615513094	15.30341655		0.146409927	0.096731377	0.108580186	0.122998329	0.149181415	0.186386029	0.237581087
70		OC03_01	PM2.5	3.799328195	2.199421492	8.393712871	1.475677798	124	61.58879399	0	2.259594388		3.111111	7.358315587		0	0	0.151222816	8.49481523	10.17601117	6.860145926	0
72		OC03_01	PM2.5	0.335234841	0.653325536	2.164064479	1.111684066	24	76.25268102	0	1.208678167		0	19.22331154		3.315326199	0	0	0	0	0	0
73		OC03_01	PM2.5	0.782214628	0.997971241	3.060449336	0.952872057	41	36.63037717	0	0		0.18373077	9.275632352		1.4513948	0	0	5.227346718	34.1391325	9.799528867	3.292862326
74		OC03_01	PM2.5	0.223489894	0.533438066	1.530224668	0.83376305	25	41.81352556	16.82780683	5.138640851		0	0.03598402		0	0	19.95190084	0	16.23213887	0	0
71		OC03_01	PM2.5	0.782214628	0.997971241	3.322994383	1.123371539	25	63.04376125	0	11.78311482		0.011132017	15.28646648		0	0	0	0	1.933553815	6.71358332	1.228385046
75		OC03_01	PM2.5	0.446979788	0.754395348	2.164064479	0.83376305	19	16.9343099	17.50358045	0		0.027922148	0.043744923		0	0	41.22425914	0	7.355802506	10.46841145	6.441966444
76		OC03_01	PM2.5	1.229194416	1.251023157	3.87993653	0.974582929	40	0	0	14.37624991		0	14.25777227		29.13251519	42.23347008	0	0	0	0	0
77		OC03_01	PM2.5	0.446979788	0.754395348	2.79790429	1.393695698	19	15.30854702	4.490033537	2.658968419		4.283403605	30.0481528		23.09652269	16.78552777	0	0	0	3.328838944	0
78		OC03_01	PM2.5	0.335234841	0.653325536	1.978417097	0.929130466	22	26.76047981	5.367632955	0.154407253		0	0.061611296		4.602672532	4.157473519	1.787534729	2.703853697	0	44.29659843	10.10773629
81		OC03_01	PM2.5	0.670469681	0.923941834	3.060449336	1.111684066	30	33.89742374	25.47446191	0.130945572		0	0.00870784		0	0	0	0	0.049064925	3.500461951	36.93893552
84		OC03_01	PM2.5	0.782214628	0.997971241	3.060449336	0.952872057	43	60.14664173	0	1.443797909		0.225265138	0		0	0	0	0	38.18429112	0	0
82		OC03_01	PM2.5	1.117449469	1.192803778	4.142481576	1.22203435	42	33.18460286	44.71875131	17.75566787		0	0.107234227		0.381640252	0.409287447	0.460353075	0.523107918	0.637619849	0.7995639	1.022165641
87		OC03_01	PM2.5	2.793623673	1.88598837	6.306546055	1.132936	64	41.16172791	19.93916631	0		5.275837705	0		0.157001475	1.885619015	0	0	0	31.58064783	0
85		OC03_01	PM10	39.11073142	7.056722317	25.4118316	1.313911566	1464	46.69348598	6.151709706	0.528497295	41.44379795	0.793041289	0.398646062		0	0.419967854	1.88923832	0	0	1.424562465	0.257050595
86		OC03_01	PM10	15.75603751	4.478974216	15.85918883	1.270296408	488	54.18471098	7.302019	0.965373311		0.857395027	23.68904054		3.682070971	2.047566883	1.849427819	2.38410309	0.764050893	2.274238132	0
91		OC03_01	PM2.5	0.782214628	0.997971241	3.060449336	0.952872057	37	37.11617887	38.89170587	0.227960781		0.012627087	17.1544075		0	3.203141689	3.393979743	0	0	0	0
90		OC03_01	PM2.5	0.558724735	0.84343964	3.060449336	1.33402088	29	24.37203825	60.62743664	0		0.063667324	11.36575863		1.974598505	1.596500352	0	0	0	0	0
94		OC03_01	PM2.5	0.893959575	1.066876133	3.508641765	1.095847984	23	81.31353855	0	15.62663615		0.031774541	0.766988844		0.203464949	0.218305481	0.24574066	0.279289368	0.340564852	0.427250145	0.546445465
93		OC03_01	PM2.5	0.670469681	0.923941834	2.874801954	0.980904789	20	43.1940794	52.95457244	0.471115112		0.045237748	0.081242091		0.292015704	0.31355645	0.353042595	0.401585689	0.490301615	0.615542475	0.787699129
92		OC03_01	PM2.5	0.782214628	0.997971241	3.694289147	1.388436336	19	0	10.37346348	0.239373231		1.406805217	28.40948403		42.07702875	0	0	13.00459653	4.489259049	0	0
97		OC03_01	PM2.5	2.011409044	1.600314199	5.301411479	1.111918013	68	81.13390803	0	14.94200379		2.622830495	0.017031921		0	0.126238191	0.740815466	0	0.091272016	0.188624079	0.137273327
96		OC03_01	PM2.5	1.229194416	1.251023157	3.87993653	0.974582929	27	40.84383249	7.591730356	5.195137858		17.04087257	0		2.343786694	11.85692474	6.415400654	2.045361511	0	6.666947901	0
95		OC03_01	PM2.5	0.446979788	0.754395348	2.164064479	0.83376305	14	21.85113281	13.63005042	18.15744042		0.019132644	0.030589811		0	0	29.18110788	0	5.224623531	7.372327149	4.533599317
98		OC03_01	PM2.5	0.446979788	0.754395348	2.164064479	0.83376305	40	63.08047175	14.51161802	0		0.988644361	0.036446517		0	0	0	0	0.679453555	20.70336789	0
100		OC03_01	PM2.5	1.229194416	1.251023157	4.142481576	1.110940318	43	38.78662586	12.9150629	10.47654748		0.210577389	0.23777436		0	0	0	0	0	6.74238205	30.63103259
99		OC03_01	PM2.5	2.570133779	1.808976496	8.09931577	2.03109889	87	65.94719291	0	3.661984205		7.866808772	0.457921252		0	0	11.34266928	0	10.72342843	0	0
101		OC03_01	PM10	6.257717027	2.822688927	10.18648259	1.319540455	269	73.77766371	4.810796678	3.737232089		5.708889291	0.718062092		3.860300779	0	0	0	0	7.387046516	0
102		OC03_01	PM2.5	2.123153991	1.644166543	8.361860816	2.620683113	87	46.95292711	9.576782584	5.452310294		0.70033567	0		5.269407853	4.681000859	2.180593275	4.307478294	17.75633991	0	3.122827783
104		OC03_01	PM2.5	2.458388832	1.769213915	5.672706244	1.041646001	116	40.84513485	30.20319641	2.651675418		0	10.63826159		0	0	4.371358082	0.210089888	0	0	11.08028591
105		OC03_01	PM10	9.945300275	3.55847574	12.05614996	1.163026254	269	51.8060565	13.43528479	20.28557062		0	3.432518616		1.635328308	0	0.96525643	0	2.27947738	6.160506606	0
106		OC03_01	PM2.5	0.558724735	0.84343964	2.689154571	1.029968091	36	0	41.9500798	0		20.28883547	0		27.7423054	2.951020561	0	2.847705409	1.624189317	0	2.595856786
107		OC03_01	PM2.5	0.446979788	0.754395348	2.164064479	0.83376305	8	92.85715222	0	0		0.094962132	0.171197264		0.615733117	0.661664316	0.744675798	0.848017819	1.036801189	1.302448008	1.667344384
109		OC03_01	PM2.5	1.78791915	1.508790696	4.590674005	0.937983431	56	22.24786133	0	0		0	66.50878191		0.512182061	5.40497303	5.326196551	0	0	0	0
112		OC03_01	PM2.5	0.223489894	0.533438066	1.530224668	0.83376305	14	30.14780283	44.94993687	0.584124168		22.45244533	0.047099622		0.165252644	0.176834292	0.198648358	0.225240737	0.273611792	0.342276762	0.436737435
110		OC03_01	PM2.5	0.223489894	0.533438066	1.530224668	0.83376305	18	31.37760758	0	0		5.055406317	23.80148619		19.12429035	0	0	0	3.07822302	17.56298244	0
111		OC03_01	PM2.5	0.670469681	0.923941834	2.79790429	0.929130466	16	2.723095566	0	0		8.430463076	3.659881651		18.52929443	25.75601339	28.9347291	0	11.96652055	0	0
