Id	Area	Field	Class	Area (?m²)	ECD (?m)	Perimeter (?m)	Shape	Count	O Wt%	F Wt%	Na Wt%	Al Wt%	Si Wt%	Cl Wt%	Ca Wt%	Ti Wt%	Fe Wt%	La Wt%	Ce Wt%	Pr Wt%	Nd Wt%	Sm Wt%	Gd Wt%	Dy Wt%
4		PD02_01	PM2.5	0.223489894	0.533438066	1.530224668	0.83376305	22	0	0		1.594073698		69.49674487	0.80909878			2.637851052	2.798268385	3.114334308	3.506523743	4.210923612	5.223336443	6.608842313
3		PD02_01	PM2.5	0.893959575	1.066876133	4.296276903	1.643072719	62	60.5156064	0		0		0.509050861	1.885777712			0.550466124	0	0	15.260607	12.16436327	9.114134312	0
2		PD02_01	PM2.5	0.558724735	0.84343964	2.612256908	0.971905435	13	13.23245764	0		0.017938585		0	0.035347044			0	0	0	0	0	18.28921884	68.42503548
5		PD02_01	PM10	5.363757451	2.613302144	8.656257917	1.111684066	178	67.02515483	0		0.450564967		0	21.2899223			2.671170235	0	0	2.890272252	0	0	5.672916025
7		PD02_01	PM2.5	0.446979788	0.754395348	2.426609525	1.048339735	21	58.8132143	0		0		0.012304973	13.17106336			4.076348245	2.008049376	3.342510387	7.207119465	0	1.611557603	9.757825732
8		PD02_01	PM2.5	0.670469681	0.923941834	3.694289147	1.619842392	28	32.58595169	53.15358639		0		0.017181487	0			0	0	0	0	0	14.24328685	0
9		PD02_01	PM2.5	4.805032717	2.473450559	8.022418106	1.065870327	168	52.18635798	4.933007434		19.75982785		0	4.589560628			1.092037931	13.40733469	0	4.031870514	0	0	0
10		PD02_01	PM2.5	4.246307982	2.325202624	7.574225677	1.075115512	130	49.98258352	0		0		5.042113736	0			2.045642585	2.037576772	2.751535736	3.723221272	0	28.6177814	5.79954721
12		PD02_01	PM10	5.363757451	2.613302144	8.841905299	1.159879101	149	52.01936364	0		9.867282212		2.826414257	0			0	0	0	24.82048124	0	4.403177276	6.063282862
13		PD02_01	PM2.5	0.223489894	0.533438066	1.530224668	0.83376305	12	0	10.27107239		7.159522176		0.092967844	16.12930298			0	0	14.64575827	0	4.532242566	7.790400088	39.37873542
17		PD02_01	PM2.5	0.223489894	0.533438066	1.530224668	0.83376305	18	0	16.85297936		13.04096282		4.779327288	0.436005322			0	5.938559398	30.94488382	11.28769517	0	0	16.71958566
16		PD02_01	PM2.5	3.687583248	2.166835669	7.388578295	1.178067194	112	85.70919633	6.592252105		0		0	7.698556781			0	0	0	0	0	0	0
15		PD02_01	PM2.5	1.340939363	1.306651072	3.956834194	0.929130466	54	0	35.99039614		61.34294868		0	0			0	0.285885599	0.32088717	0.36365937	0.441260543	0.551580265	0.703376299
18		PD02_01	PM2.5	0.223489894	0.533438066	1.530224668	0.83376305	10	2.486047149	0		0.231318641		0.033720169	0			0	0	0	1.577353477	0	24.77414161	70.8974123
19		PD02_01	PM2.5	0.223489894	0.533438066	1.530224668	0.83376305	22	0	28.94779444		0		19.42197382	0.156484323			9.81323868	16.81263596	0	0	0	24.84786808	0
20		PD02_01	PM2.5	4.134563035	2.294403878	7.651123341	1.126706824	151	66.93421602	0		1.170252636		2.796378545	18.59772056			10.50143093	0	0	0	0	0	0
23		PD02_01	PM2.5	1.564429257	1.411344463	5.301411479	1.429608873	70	40.13450742	15.21524042		9.096744657		0.59438264	0			0	0	0	0	2.187166363	0	32.77196288
21		PD02_01	PM10	6.48120692	2.872651902	10.63467501	1.388617693	228	34.54933465	4.481608421		0		1.117431559	0	37.42042482		0	0	0	3.267350048	10.66807061	3.672009334	4.823767766
27		PD02_01	PM2.5	1.899664097	1.555225852	5.224513816	1.143418159	92	60.8117044	27.41831243		9.179896861		0.842410326	1.632376574			0	0	0.053977955	0.061311974	0	0	0
25		PD02_01	PM2.5	1.229194416	1.251023157	3.87993653	0.974582929	52	48.68241251	16.06257111		1.100001391		2.040140517	7.164224982			0	5.51295206	13.43007982	6.007618457	0	0	0
29		PD02_01	PM2.5	1.340939363	1.306651072	4.142481576	1.018361958	68	42.47719646	0		28.23701799		4.247385263	0			0	0	0	0	8.433768898	16.60462916	0
31		PD02_01	PM2.5	0.558724735	0.84343964	2.612256908	0.971905435	40	75.12600422	6.579943001		1.594287716		1.184550393	8.370835334			1.135599706	3.59159857	2.417187579	0	0	0	0
30		PD02_01	PM2.5	1.564429257	1.411344463	4.328128958	0.952872057	58	31.86403811	0		17.36060977		1.247666683	0			0	0	15.79752266	0	0	0	33.73016715
32		PD02_01	PM10	17.8791915	4.771215113	21.26935003	2.013495655	599	56.07693195	4.759777337		7.329915464		0	11.28715649			1.526583079	4.693249241	5.013108999	0.988920685	4.869855195	0.136093504	3.318393603
28		PD02_01	PM2.5	3.575838301	2.133752265	7.651123341	1.302754765	167	30.35076261	11.20645776		1.541323215	40.3316766	0	0			0	4.075650126	6.9069691	3.558104858	2.029052563	0	0
34		PD02_01	PM2.5	0.223489894	0.533438066	1.530224668	0.83376305	21	48.52511287	19.44647729		2.223441191		0.016520231	0.027918644			0	0	9.906841069	0	19.85369772	0	0
35		PD02_01	PM2.5	2.458388832	1.769213915	5.595808581	1.013596872	73	61.77122593	0		0.964526832		0.949601177	0			0	0	1.309272088	0	1.095549669	33.90983045	0
37		PD02_01	PM2.5	0.558724735	0.84343964	2.612256908	0.971905435	41	30.1009208	27.06153095		7.587180287		0	1.455772948			7.945719361	0	0	0	14.21486288	11.6340071	0
39		PD02_01	PM2.5	4.805032717	2.473450559	9.290097728	1.429336066	176	49.48937893	0		1.138054114		1.942656748	27.371943			0	6.55695349	4.205464572	4.373678938	0	4.921861738	0
36		PD02_01	PM2.5	2.011409044	1.600314199	5.224513816	1.079894928	82	31.76831603	4.690028355		1.296243165		0.004010521	0			0	10.55062413	4.260035232	11.76879928	0	14.5472616	21.1146757
38		PD02_01	PM2.5	0.670469681	0.923941834	3.060449336	1.111684066	43	55.07486463	11.79166511		6.604509056		0.006413279	13.55986893			2.53970474	0	0	0	0	4.779542983	5.64343147
40		PD02_01	PM2.5	1.340939363	1.306651072	4.065583912	0.980904789	64	0	12.79122233		3.209002689		0	13.54123652			0.99307932	0	0	0	0	14.61637765	54.84908223
41		PD02_01	PM2.5	2.011409044	1.600314199	5.224513816	1.079894928	113	12.58424222	0		0.662941998		0	0			0	21.52395844	18.42798591	0.039210918	0	37.67744303	9.08421278
43		PD02_01	PM2.5	1.005704522	1.131593022	3.694289147	1.079894928	45	30.60361147	16.27001762		0		0.548697449	1.363074314			13.83030117	34.26416516	0	0	0	3.12014129	0
44		PD02_01	PM2.5	0.670469681	0.923941834	2.79790429	0.929130466	21	12.67755032	3.7553031		0		0.010460761	11.2795867			24.03042316	19.9631542	0	0.074904948	0	1.638267189	26.57034695
46		PD02_01	PM2.5	0.670469681	0.923941834	2.79790429	0.929130466	26	18.28113496	23.03349227		6.457855552		0	9.264182299			0	0	0	0	0	15.77907652	27.18426287
47		PD02_01	PM2.5	0.223489894	0.533438066	1.530224668	0.83376305	38	0	3.566895425		0		1.059477497	0			0	0	0	0	0	36.59684956	58.77677798
45		PD02_01	PM2.5	2.123153991	1.644166543	5.93525129	1.320343293	75	67.49928594	0		0		0.754153589	20.99780738			1.61730051	0.706558395	0	0.569063844	0	0	7.855840027
48		PD02_01	PM2.5	0.223489894	0.533438066	1.530224668	0.83376305	27	0	36.86676919		8.274316043		4.095132276	16.55603349			0	0	28.392452	0	5.815300718	0	0
50		PD02_01	PM2.5	0.335234841	0.653325536	1.978417097	0.929130466	32	23.71328473	12.83252388		6.258163601		0	0.387732312			0.572397932	1.183351222	0.680767326	0.343572884	0	45.74751258	8.280690759
49		PD02_01	PM2.5	0.446979788	0.754395348	2.164064479	0.83376305	8	0	0		52.96515822		0.801500678	1.232596673			4.141529649	4.415079951	4.924343154	5.572794378	6.751630455	8.444286883	10.75108498
51		PD02_01	PM10	6.369461974	2.847779989	9.552642774	1.140077728	244	32.96068013	1.178834029		0		0	0		55.51947951	2.623955533	5.092017353	2.625026554	0	0	0	0
52		PD02_01	PM2.5	0.223489894	0.533438066	1.530224668	0.83376305	11	55.08929491	0		0		0.095079845	37.03233004			0	0	2.656991035	0	1.182059105	2.21976079	1.724493876
54		PD02_01	PM2.5	0.558724735	0.84343964	3.060449336	1.33402088	22	73.9829421	21.99578583		0.043906932		0	0.080698769			0.29028689	0	0	0.410549343	3.19583565	0	0
61		PD02_01	PM10	5.475502398	2.640383718	9.366995392	1.27516615	176	33.00718367	2.864893712		3.911067173		0.106769707	5.360580236			15.85116237	18.93607974	3.703416884	0	0	16.25885218	0
62		PD02_01	PM10	7.486911443	3.087496027	10.0008352	1.063065396	267	47.31522799	18.33932698		9.730640054		0	2.822971717			8.337010443	5.264689028	0	0	0	8.190128207	0
57		PD02_01	PM2.5	3.799328195	2.199421492	8.470610535	1.502840026	132	68.93799305	0		1.354237646		0	0			23.24065715	3.40247266	0	3.064640611	0	0	0
59		PD02_01	PM2.5	2.90536862	1.923338301	7.651123341	1.60339048	130	36.00262105	8.81683901		10.79500765		1.43501563	3.617942706			15.24837464	23.2253328	0	0	0.858857576	0	0
63		PD02_01	PM2.5	4.581542823	2.415243569	8.656257917	1.301483785	174	33.0358386	0		1.765950769		0	0			0	15.05801678	0	0	0	20.45216262	29.68803048
64		PD02_01	PM2.5	0.670469681	0.923941834	2.79790429	0.929130466	43	76.55273676	0		19.66304332		0	2.86557842			0	0	0.248464476	0.109161146	0.132924214	0.215107482	0.212977943
65		PD02_01	PM2.5	1.005704522	1.131593022	3.431744101	0.931857543	43	52.55020261	8.744715899		25.79649985		0.02460067	0			4.373746365	0	0	7.45536238	1.054868381	0	0
67		PD02_01	PM2.5	1.899664097	1.555225852	5.93525129	1.475677798	98	36.91470027	11.22623011		9.717401117		0.065488945	0.604502624			0	0	5.19971475	6.353025138	13.71282786	6.81873858	9.387374669
68		PD02_01	PM10	26.59529736	5.819122297	30.26505065	2.740741625	721	64.94221091	21.02593929		2.183856443		0.817118399	7.109577954			2.542774566	1.37852598	0	0	0	0	0
69		PD02_01	PM10	6.369461974	2.847779989	13.06128454	2.131371568	255	69.34661269	0		17.62408614		0.428440003	3.708979115			0	0	0	8.891893178	0	0	0
72		PD02_01	PM2.5	4.246307982	2.325202624	7.574225677	1.075115512	145	36.49272323	0		0		0	13.51810098			1.941515505	4.298051447	6.198013574	7.774408162	14.07746822	0.968900789	14.73082006
73		PD02_01	PM2.5	0.893959575	1.066876133	3.508641765	1.095847984	56	65.35121202	0		1.330359001		1.327404752	11.29953042			0	0	6.192317978	0.094720878	14.40444887	0	0
71		PD02_01	PM2.5	1.78791915	1.508790696	4.776321387	1.015381726	86	19.55523491	10.30068621		0	29.10000086	0.337978825	3.645295277			0	0	0	0	13.50191832	22.65225053	0.906630512
74		PD02_01	PM2.5	0.670469681	0.923941834	2.79790429	0.929130466	29	77.5604248	0		20.16137391		0.030262809	0.118686387			0.191723171	0.20567039	0.231493544	0.263052736	0.320683094	0.402238546	0.514386129
76		PD02_01	PM2.5	0.782214628	0.997971241	3.246096719	1.071981064	41	42.63896942	0		0		11.17448509	0.030590736			5.505166948	0	0	13.44376653	0	0	27.20701993
77		PD02_01	PM2.5	0.893959575	1.066876133	4.481924286	1.788139047	53	24.4722113	12.28829771		1.504367497		0.207462045	1.435256843			0	0	0	0	0	7.524198294	52.56819725
80		PD02_01	PM2.5	4.805032717	2.473450559	8.918802963	1.317367442	134	40.94722867	43.75829995		11.0797964		0.018924172	0			0	0	0	0	0	4.195750877	0
79		PD02_01	PM2.5	0.893959575	1.066876133	3.508641765	1.095847984	37	62.97282577	0		0		6.034030765	0.05301169			0	0	0	0	11.70555428	19.23457831	0
78		PD02_01	PM2.5	0.670469681	0.923941834	2.79790429	0.929130466	43	74.58808422	0		19.22124624		0.01940736	0			6.171263382	0	0	0	0	0	0
81		PD02_01	PM10	9.610065434	3.497987327	12.95253482	1.389227361	393	43.11805964	0		1.975284517	39.15257454	0.227906508	2.004242502			1.797391288	0.519510824	0	3.485117853	0	2.574523538	5.145393685
83		PD02_01	PM2.5	0.223489894	0.533438066	1.607122332	0.919665974	15	0	53.62197757		28.53397429		12.54327595	0.135235826			0.470566982	0.503187999	0.56463005	0.639996445	0.776954275	0.971418619	1.238774229
84		PD02_01	PM2.5	0.223489894	0.533438066	1.530224668	0.83376305	9	0	71.1232543		0		0.426192721	0.716667343			2.505313978	2.685491741	3.009753115	3.422394395	4.174591601	5.239728093	6.696607172
85		PD02_01	PM2.5	1.340939363	1.306651072	4.142481576	1.018361958	36	20.43964565	0		3.985778987		0.828620605	1.631679758			4.300412908	0	0	11.59941852	0	50.5218327	6.692603976
87		PD02_01	PM2.5	0.782214628	0.997971241	3.060449336	0.952872057	33	38.67233396	0		0		0.007068575	21.6645062			0.370007008	0.4138235	1.895701699	1.985109597	4.762341827	0	30.22911251
86		PD02_01	PM10	10.61576996	3.676468156	13.17003426	1.30020684	329	59.39139128	0		3.435919061		0	25.97331107			2.476716414	0	0	0.350572728	0	0	8.372096717
88		PD02_01	PM10	8.157381124	3.22277834	11.79360492	1.356852166	285	63.94910216	1.633571088		3.473345935		0.41372464	28.62161994			0	0	1.501265075	0	0.40737344	0	0
89		PD02_01	PM2.5	2.90536862	1.923338301	6.754738484	1.249700586	131	46.96413279	10.90706438		12.08442897		0.523885572	4.580595717			0.487234024	0	0	0	0.073651242	4.931540415	19.4474712
90		PD02_01	PM2.5	0.782214628	0.997971241	3.060449336	0.952872057	38	56.37964606	32.78069794		0		0	9.681806713			0.085683254	0.089346262	0.100506016	0.117089693	0.765226409	0	0
91		PD02_01	PM10	6.928186708	2.970057456	12.61309211	1.827316129	256	29.95117903	5.096847564		8.815736324	18.01519096	2.218693309	0.672178669			0	0	0	0	2.939468808	10.65613329	21.63457125
92		PD02_01	PM2.5	0.223489894	0.533438066	1.530224668	0.83376305	7	61.40623689	35.408476		0.309413509		0.049716304	0.08990221			1.640252583	1.095999591	0	0	0	0	0
94		PD02_01	PM2.5	0.558724735	0.84343964	2.612256908	0.971905435	40	28.37554216	5.984394625		1.718929224		6.282634288	2.511947602			3.475663438	3.391526267	1.750029437	2.215503342	5.554417148	0	38.73940706
95		PD02_01	PM2.5	1.005704522	1.131593022	3.431744101	0.931857543	47	20.54082751	0		0		4.764324427	0.012201427			11.91980988	19.10026819	29.6266228	0	5.890407041	4.1827593	3.962773085
93		PD02_01	PM10	6.14597208	2.79737282	9.475745111	1.162589224	222	41.40695333	6.641729176		0.122530886		0	13.32376748			6.514178962	8.251065016	5.648301914	0	0	6.519184262	11.57227308
96		PD02_01	PM10	17.43221172	4.711197439	16.94122107	1.310168228	679	45.91225982	6.44460097		7.008444518	6.409665197	0.383410603	17.67600775			2.250076644	3.547817841	4.107585922	4.390286654	0	1.869846508	0
97		PD02_01	PM2.5	0.223489894	0.533438066	1.530224668	0.83376305	22	3.375221789	0.76355366		0		11.53952628	0.018532656			0	0	38.11584413	21.30265385	13.90573531	6.349221617	4.62971665
100		PD02_01	PM2.5	2.90536862	1.923338301	6.306546055	1.089361538	127	53.1045258	0		0		0	39.56694305			0	0	0	0	0.936296117	5.777332559	0.614895625
98		PD02_01	PM2.5	0.335234841	0.653325536	1.978417097	0.929130466	34	58.01502466	19.07621622		9.844777733		0	12.16307357			0.118322857	0.083628151	0.093984103	0.106580905	0.129508914	0.162051222	0.206822995
101		PD02_01	PM2.5	3.687583248	2.166835669	7.75987306	1.299443905	121	49.26936626	9.494495392		0.060879823		0	9.008695185			0	0	0	0	0	24.78965372	7.376909256
99		PD02_01	PM2.5	2.90536862	1.923338301	6.044001009	1.000548052	106	44.49464381	0		1.45454444	29.91091013	2.12817248	1.378746051			11.69671342	1.142772008	0	0	0	0	7.793497294
102		PD02_01	PM10	6.48120692	2.872651902	9.290097728	1.059680187	197	68.85640621	7.794778794		0.419724965		1.159478072	17.64277071			0	0	0	1.386243477	0	2.74060145	0
105		PD02_01	PM2.5	0.893959575	1.066876133	3.508641765	1.095847984	37	52.92026997	0.785673875		0.104873313		9.067985415	9.489631653			0	10.23042649	13.22516054	4.175974056	0	0	0
104		PD02_01	PM2.5	0.670469681	0.923941834	2.874801954	0.980904789	32	62.28500605	0		5.889575183		0	0			7.111787796	0	0	14.10998255	8.002252132	2.601390518	0
106		PD02_01	PM2.5	4.469797876	2.385607556	8.841905299	1.391854921	163	42.82959998	11.84121817		9.730187058		0	4.099425301			4.465260357	18.51161122	3.269401938	0	0	5.2532956	0
107		PD02_01	PM2.5	0.558724735	0.84343964	2.612256908	0.971905435	29	55.75621724	27.78840959		0		0.393168442	0.845463946			3.669920191	9.434706718	1.474595536	0	0	0	0.637518475
109		PD02_01	PM2.5	0.558724735	0.84343964	2.612256908	0.971905435	27	51.2037456	29.44877744		17.99445897		0.015047341	0			0	0	0.539049692	0.135948206	0.199327176	0.208834186	0.254823128
113		PD02_01	PM2.5	0.223489894	0.533438066	1.530224668	0.83376305	23	27.77180076	22.1403271		12.92436719		0.069625635	0.113735255			0	0	0	0	36.98013425	0	0
114		PD02_01	PM2.5	3.575838301	2.133752265	7.75987306	1.340051527	161	81.12285137	0		0		1.501968596	9.758937359			0	0	5.176819488	0	2.439415641	0	0
112		PD02_01	PM2.5	4.805032717	2.473450559	8.022418106	1.065870327	192	43.60987842	0		9.559704363	16.01858437	0	0			0	0	0	4.193597659	0	10.62083542	15.99740386
115		PD02_01	PM2.5	0.223489894	0.533438066	1.530224668	0.83376305	16	0	38.85840774		30.29659688		0.054856762	0.963423681			12.90636063	16.92034602	0	0	0	0	0
117		PD02_01	PM2.5	1.117449469	1.192803778	3.87993653	1.072041222	57	27.8409183	40.3743118		0		0	0.015412073			18.46414208	12.36001253	0	0	0	0.945210084	0
116		PD02_01	PM2.5	0.223489894	0.533438066	1.530224668	0.83376305	18	71.92523479	0		0		0.011701747	11.96490228			0	0	7.872798294	0.422759587	2.041190118	0	5.761410296
118		PD02_01	PM2.5	0.223489894	0.533438066	1.530224668	0.83376305	25	37.41444349	25.36233366		7.833683491		3.774505481	0.019198032			0	0	0	0	0	14.75497931	10.8408533
119		PD02_01	PM2.5	0.446979788	0.754395348	2.164064479	0.83376305	25	91.10510349	0		7.017984986		0.024906648	0			0	0	0.196278747	0.467792898	0.40823468	0.341975689	0.437730411
121		PD02_01	PM2.5	0.670469681	0.923941834	2.874801954	0.980904789	28	19.71311718	9.878137708		1.448765211		0.842228625	1.892115548			0	8.252542466	17.24815816	37.91097403	2.697394975	0	0.11656112
120		PD02_01	PM2.5	0.670469681	0.923941834	3.060449336	1.111684066	35	84.89283323	0		8.537952602		3.942866623	0.06436418			0.230494491	0.247323629	0.278398977	0.316436333	0.385910645	0.484167458	0.619265623
122		PD02_01	PM2.5	0.335234841	0.653325536	1.978417097	0.929130466	21	63.85228634	0		0		16.46133065	0.286002806			4.029392079	8.469160646	0.206926209	0.800382718	0	5.894512683	0
123		PD02_01	PM10	6.034227133	2.771825501	9.81518782	1.270473795	213	42.44855046	2.257775702		5.657577515		0	2.354062721			9.531503171	27.55690813	10.19362807	0	0	0	0
124		PD02_01	PM2.5	0.446979788	0.754395348	2.164064479	0.83376305	42	10.05792767	0		0		0.006994649	0.010114526			0.867757387	0	0	1.738061383	0	6.144607067	81.17454648
125		PD02_01	PM2.5	0.446979788	0.754395348	2.79790429	1.393695698	28	0	0		57.68889785		37.14923859	0.180490164			0.605402142	0.644334266	0.72015617	0.812978018	0.979769602	1.218728442	0
126		PD02_01	PM2.5	0.446979788	0.754395348	2.164064479	0.83376305	42	44.11441088	0		16.83769971		0.006249726	0			10.27548015	28.76616418	0	0	0	0	0
128		PD02_01	PM2.5	2.234898938	1.68687928	8.284963152	2.4440687	94	78.64120007	0		0		0	0			0	0	0	21.35879397	0	0	0
129		PD02_01	PM2.5	3.687583248	2.166835669	7.311680631	1.153673002	140	35.70467234	6.565264612		18.05574149		1.717677154	1.872377098			0	0	5.998052284	25.00321865	5.082989112	0	0
130		PD02_01	PM2.5	0.446979788	0.754395348	2.164064479	0.83376305	17	53.55218053	0		0		0.122390315	43.42958331			0.437471038	0.267336564	0.298896595	0.33740683	0.406833133	0.505828857	0.642065564
132		PD02_01	PM2.5	0.670469681	0.923941834	3.246096719	1.250644575	31	74.31257963	23.25805277		0		0.019982354	1.003092155			0	0	0	1.12856105	0	0.277735619	0
131		PD02_01	PM2.5	1.78791915	1.508790696	5.224513816	1.214881794	75	39.09266293	3.195863217		3.489622101		3.106977232	2.327114716			17.86714196	3.388272598	0	2.660329081	0.365670514	0	24.50635284
134		PD02_01	PM2.5	1.899664097	1.555225852	5.224513816	1.143418159	66	33.21352303	0		0		2.000981756	15.92206657			1.060764492	4.785746336	9.865465015	21.32125199	0	9.14125815	2.688943967
133		PD02_01	PM2.5	0.782214628	0.997971241	3.246096719	1.071981064	43	49.79619682	10.00311822		9.649947286		0.011229527	22.42515981			4.864851385	1.775202714	0.272487686	0.880153663	0.124052761	0	0.197604927
136		PD02_01	PM2.5	0.223489894	0.533438066	1.530224668	0.83376305	18	0	30.31601906		5.432241037		0	54.25319672			0.357797323	0	0	0.766785722	8.167100698	0.706845662	0
135		PD02_01	PM2.5	1.564429257	1.411344463	4.513776341	1.036368677	68	53.15531492	0		7.628809661		0.005146195	2.398544922			23.71634096	13.0958423	0	0	0	0	0
139		PD02_01	PM2.5	2.570133779	1.808976496	6.044001009	1.13105432	94	31.44946694	21.91406786		0		3.170956671	5.413090065			0	1.935418509	0	10.68993062	2.021842077	17.60411114	5.801109597
141		PD02_01	PM2.5	4.469797876	2.385607556	7.836770723	1.093393614	202	47.25952744	9.514963627		18.19421202		0.439535361	1.060246304			0	0	0	0	2.959294245	8.932396024	11.63982302
143		PD02_01	PM2.5	4.581542823	2.415243569	8.022418106	1.117864001	113	66.39486551	0		0.237617712		0	13.75524551			8.125973493	0	0	4.117172584	7.369120419	0	0
140		PD02_01	PM10	38.99898647	7.046634074	23.58720983	1.135245938	1527	43.83677542	0	7.982621342	8.469176292	29.98769879	0.587935559	0.666600699			1.78540647	1.539371349	0	0	3.546491265	1.597908884	0
142		PD02_01	PM2.5	0.223489894	0.533438066	1.530224668	0.83376305	24	58.97913575	27.88278461		0		0.041046485	1.92795936			7.991019636	3.178045899	0	0	0	0	0
145		PD02_01	PM10	19.22013087	4.946901118	16.94122107	1.188292114	587	74.71030951	2.772781812		7.444620878		0	10.81349105			0.263068546	0	0	0	0	0	3.995729238
147		PD02_01	PM2.5	0.558724735	0.84343964	2.612256908	0.971905435	29	74.61030483	0		2.676678821		0.029688014	0.700706383			11.54355109	10.43906361	0	0	0	0	0
146		PD02_01	PM10	6.369461974	2.847779989	9.923937539	1.230425806	168	55.60618639	0		3.234564513		0.813060254	29.05047238			4.457647353	0	0	0	6.838075072	0	0
148		PD02_01	PM2.5	1.899664097	1.555225852	4.96196877	1.031386338	81	49.71415997	0		0		0	0			0	0	8.812362701	11.05113328	0	0	30.42235672
150		PD02_01	PM2.5	0.893959575	1.066876133	3.508641765	1.095847984	43	32.13453293	0		4.05250527		2.28323359	0.071083329			0.234496151	0	0	0	0	61.22415066	0
151		PD02_01	PM2.5	0.335234841	0.653325536	1.978417097	0.929130466	32	58.14963579	12.12520152		13.52790892		0	2.844414115			0.310084037	0.199912488	0	0	0	12.84283549	0
149		PD02_01	PM2.5	1.117449469	1.192803778	3.694289147	0.971905435	31	11.055886	8.133724332		0		0.014195817	78.80459428			0.906914286	0.264265807	0	0.148510654	0.177402643	0.218768604	0.275734882
152		PD02_01	PM2.5	0.446979788	0.754395348	2.164064479	0.83376305	20	94.63834763	2.288170904		0		0	0.074359128			0.268578529	0.288570649	0.325063267	0.369960256	0.452067237	0.56785848	0.727024395
153		PD02_01	PM2.5	0.223489894	0.533438066	1.530224668	0.83376305	25	34.45015848	2.424893901		6.920084357		0.050790003	3.72793898			0	0	0	1.48294922	1.833868027	0	49.10930991
154		PD02_01	PM2.5	0.335234841	0.653325536	1.978417097	0.929130466	9	21.9707191	0		0		0.011086502	1.999601535			11.89988256	54.01114821	9.076325595	0	0	0	1.031240541
