Id	Area	Field	Class	Area (?m²)	ECD (?m)	Perimeter (?m)	Shape	Count	O Wt%	F Wt%	Na Wt%	Al Wt%	Si Wt%	S Wt%	Cl Wt%	Ca Wt%	Fe Wt%	La Wt%	Ce Wt%	Pr Wt%	Nd Wt%	Sm Wt%	Gd Wt%	Dy Wt%
2		PD03_01	PM2.5	1.45268431	1.360005555	4.142481576	0.940026423	52	31.07793331	14.27402347		7.872319221			0.506752823	0.128912972		0.627123984	1.24639608	2.01141797	2.151395194	0	33.75427127	6.349454075
5		PD03_01	PM2.5	0.893959575	1.066876133	3.508641765	1.095847984	41	28.34067047	0		6.045529246			0	0.01710786		15.54834694	21.11595273	19.80795711	0	2.440477163	1.840574294	4.843390733
6		PD03_01	PM2.5	0.223489894	0.533438066	1.530224668	0.83376305	26	70.43806911	0		9.597275406			0	0.12408148		0	0.464854622	0.846259482	0.594844064	1.99174732	7.300540805	8.6423181
7		PD03_01	PM2.5	0.558724735	0.84343964	2.612256908	0.971905435	37	35.60346067	43.70399117		15.13280421			0.071067951	0		0	0.100790197	0.239702174	0.128722459	0.266101537	0.662140874	4.091216996
9		PD03_01	PM2.5	0.223489894	0.533438066	1.530224668	0.83376305	11	57.64482617	22.86226004		0			17.27616191	0.118853943		0.189909397	0.203429372	0.228711078	0.259559276	0.315765361	0.395456841	0.505063683
10		PD03_01	PM2.5	1.005704522	1.131593022	3.508641765	0.974087097	36	100	0		0			0	0		0	0	0	0	0	0	0
11		PD03_01	PM2.5	0.446979788	0.754395348	2.164064479	0.83376305	23	82.0843935	0		0			0.016814462	16.78625047		0.138024939	0.104189897	0.117073685	0.132750499	0.161275093	0.201763446	0.257466151
13		PD03_01	PM2.5	0.782214628	0.997971241	3.246096719	1.071981064	48	49.74193871	0		0			0.073577755	0.01151838		22.13037908	24.97239709	2.957569435	0	0	0	0.112611183
14		PD03_01	PM2.5	0.446979788	0.754395348	2.164064479	0.83376305	8	77.11305022	0		2.58682929			0.045664844	0.079290889		3.143581748	2.617269568	0	4.456655681	0	0	9.957650304
15		PD03_01	PM2.5	0.558724735	0.84343964	2.612256908	0.971905435	33	79.96217608	0		12.87505478			0.048181525	0		2.66862344	1.67685952	0.369057013	0.419433368	0.51260097	0.644128956	0.823886413
17		PD03_01	PM2.5	0.223489894	0.533438066	1.607122332	0.919665974	28	68.46924424	0		27.45178342			0.304780249	2.095939778		0.151670678	0.162539352	0.182820403	0.207550405	0.252644857	0.316559733	0.404470274
18		PD03_01	PM2.5	1.117449469	1.192803778	3.956834194	1.114956559	53	28.8654387	0		18.41046214			0	4.501284659		0	0	25.37234128	22.68636823	0	0.164105243	0
20		PD03_01	PM2.5	0.335234841	0.653325536	2.240962143	1.192092698	31	69.21334863	0		27.81536281			0.031028056	0		0.738199288	0.461361511	0.232906896	0.26451638	0.32236143	0.404232927	0.516685843
21		PD03_01	PM2.5	3.017113566	1.959976608	6.754738484	1.20341538	121	46.52583003	0		5.785799772			0	4.894949868		0	0	2.16500666	3.270694986	17.6679194	0	19.68980134
23		PD03_01	PM2.5	0.893959575	1.066876133	3.431744101	1.048339735	28	64.96719718	2.270559967		15.9017548			0.843789335	1.414772868		1.434811577	1.237417758	0.796096958	4.017366841	0	0	7.116226852
24		PD03_01	PM10	10.50402501	3.657067134	13.06128454	1.29242744	373	19.5680663	0		0.752416579			0.410228781	1.005588658	50.29131174	0	0	1.276837941	0	0	9.050019085	17.64554083
25		PD03_01	PM10	6.592951867	2.89731031	11.9792523	1.73208681	172	58.78373384	10.43803915		10.31458005			2.76411213	4.177545011		1.298540458	0	0	0	2.529108897	0	9.694342315
26		PD03_01	PM2.5	3.24060346	2.03127164	6.754738484	1.120421215	147	45.06469667	5.258766934		19.23826635			0	4.21516113		0	0	0.314597413	0	0	25.90850294	0
28		PD03_01	PM2.5	0.223489894	0.533438066	1.530224668	0.83376305	14	44.20906007	20.92251927		3.797956556			0.024885481	0.042083819		4.226632789	13.9569208	12.81993538	0	0	0	0
29		PD03_01	PM2.5	1.117449469	1.192803778	3.694289147	0.971905435	26	17.20214784	28.99931669		0.096341327			4.619386792	0.014534759		30.63437641	6.515043229	0	11.91885695	0	0	0
30		PD03_01	PM2.5	0.446979788	0.754395348	2.164064479	0.83376305	43	36.50847673	48.27307761		9.292654693			0	4.681703448		0.112363987	0.120436819	0.135496119	0.153838797	0.187295303	0.234715547	0.29994077
31		PD03_01	PM2.5	1.45268431	1.360005555	4.853219051	1.29026429	77	59.51387286	11.76782027		0			0.243389281	4.909797013		6.693958491	6.794565171	0	0	10.07659882	0	0
32		PD03_01	PM2.5	0.223489894	0.533438066	1.530224668	0.83376305	27	43.73958707	49.67370927		1.723171398			0.615342986	0.020353867		0	0	0	4.227838665	0	0	0
33		PD03_01	PM2.5	1.117449469	1.192803778	3.694289147	0.971905435	72	12.1672973	34.86143351		20.28103769			0	0		9.159944206	9.383647144	0	0	0	14.14664388	0
34		PD03_01	PM2.5	0.670469681	0.923941834	2.874801954	0.980904789	32	1.913086325	0		12.75563091			3.311359137	0		2.211879939	11.2858519	18.19005907	26.53628588	9.211399406	0	14.58443999
35		PD03_01	PM2.5	0.670469681	0.923941834	2.79790429	0.929130466	44	38.14211786	0		4.526497051			0	0.118368142		11.84914559	24.76529181	11.01488993	5.09539023	3.048984148	0	1.439306978
36		PD03_01	PM2.5	3.352348407	2.065996747	6.754738484	1.083073842	153	59.27960277	19.15970892		5.094183609			0	0		0	0	0	14.27253485	2.193974145	0	0
37		PD03_01	PM10	5.475502398	2.640383718	10.63467501	1.643669922	143	15.85843116	23.28273356		0			25.08252561	0		22.8133738	3.354949877	0	0	0	7.944847643	1.663142815
38		PD03_01	PM2.5	1.340939363	1.306651072	5.224513816	1.619842392	78	38.67023289	14.83396143		8.632877469			0	1.173679251		1.5356916	0	15.55261314	18.66010875	0.294882734	0	0.645958446
39		PD03_01	PM2.5	0.558724735	0.84343964	2.612256908	0.971905435	28	13.47753853	8.530637622		16.87441766			0.015989075	1.336319651		0	0	0	0	0	10.70203707	49.06305671
40		PD03_01	PM2.5	1.229194416	1.251023157	4.142481576	1.110940318	65	65.23831487	0		7.357113808			0.041855028	0.010401414		0	4.517902434	1.478449814	0	12.98160404	3.85835357	4.515996948
41		PD03_01	PM2.5	3.575838301	2.133752265	11.23666277	2.80987473	131	40.75309336	28.6727339		10.17137468			5.981068686	0		4.996892437	5.219236016	1.524388511	0	0	2.681211755	0
43		PD03_01	PM10	7.710401336	3.1332392	10.26338025	1.087161316	287	40.61003327	5.174722895		5.092735961		16.43837094	1.981490664	10.23137495		6.954164803	6.907328963	2.220869809	4.388913512	0	0	0
44		PD03_01	PM2.5	0.223489894	0.533438066	1.530224668	0.83376305	16	48.3928889	0		0.064866716			0.035432735	7.49373287		0	0	19.01629716	0	6.570829451	13.95601332	4.469938576
45		PD03_01	PM10	13.74462847	4.183324574	17.28066378	1.728932236	421	15.51023126	0.879874919	28.57480347	1.635181718			41.55591428	0.633794954		0	0	3.680381179	2.631192841	4.898617417	0	0
46		PD03_01	PM2.5	1.005704522	1.131593022	3.431744101	0.931857543	50	54.48679328	2.806237526		12.00698167			0.012323113	0		0	0	0	30.68767488	0	0	0
47		PD03_01	PM2.5	1.899664097	1.555225852	4.776321387	0.95565339	76	22.94736654	10.9520033		0			0.003378234	0		10.50282642	19.41844821	23.03976715	13.13621402	0	0	0
49		PD03_01	PM2.5	0.223489894	0.533438066	1.530224668	0.83376305	8	49.34275746	46.80719078		0.339231035			0.046885919	0.084322173		0.303224917	0.325620663	0.366635132	0.417086296	0.50929361	0.639432669	0.818316173
50		PD03_01	PM2.5	0.223489894	0.533438066	1.530224668	0.83376305	10	0	0		64.85372186			0.516013103	4.68509458		2.757482044	2.939479984	3.282309324	3.713386506	4.495264962	5.613799021	7.143434882
51		PD03_01	PM2.5	0.558724735	0.84343964	3.060449336	1.33402088	25	15.37000835	35.54144502		8.882300556			0.011703152	1.845063828		3.581153229	4.491471499	0.370897609	0	0	0	29.90595698
52		PD03_01	PM2.5	0.782214628	0.997971241	4.296276903	1.877797393	37	59.9588573	0		30.55322468			0.020529167	0		0	0	0.437845988	0	1.09716896	5.211665109	2.720707469
54		PD03_01	PM2.5	1.117449469	1.192803778	3.694289147	0.971905435	68	28.83125544	12.07047701		2.521367371			0	0		0	0	0.12139579	20.08587569	0	4.155870527	32.21375942
56		PD03_01	PM2.5	0.782214628	0.997971241	3.060449336	0.952872057	33	6.250972301	25.30452907		1.177617908			2.278481424	0.158837321		1.87698137	22.38110602	4.699296877	0	31.7288816	4.143290222	0
57		PD03_01	PM2.5	1.676174204	1.46088031	4.513776341	0.967277432	59	41.55859053	36.39707267		13.73805255			0.83782021	7.468467206		0	0	0	0	0	0	0
58		PD03_01	PM2.5	2.234898938	1.68687928	6.569091101	1.53653627	44	25.29932261	32.79739618		0			30.3288281	3.186994791		1.816625334	4.080699757	0.488956878	0.419968367	0	1.581212878	0
59		PD03_01	PM2.5	0.893959575	1.066876133	3.246096719	0.937983431	35	37.27301359	7.213365287		23.48203361			0.811947044	6.623959541		0	4.548943788	1.392372139	0	13.37611526	4.290189967	0.988059584
60		PD03_01	PM2.5	1.229194416	1.251023157	4.142481576	1.110940318	53	29.17508185	8.933934569		0.771155348			0	12.85453737		2.193165384	0.026623165	0	0	8.761366457	6.122148037	31.1619848
61		PD03_01	PM2.5	0.335234841	0.653325536	1.978417097	0.929130466	28	49.73466396	0		0			19.37105507	0.091059098		5.847308785	10.05037799	0	0	0	14.90553468	0
62		PD03_01	PM2.5	3.575838301	2.133752265	6.940385866	1.071962265	139	40.36130607	10.71411073		7.401946187			0	0		0	0	0	0	0	18.83098483	22.69165665
63		PD03_01	PM10	23.5781838	5.479112702	23.77285722	1.907403394	645	46.43221796	10.25174335	27.44457722	0			15.3630361	0		0	0.44748201	0.060938695	0	0	0	0
64		PD03_01	PM2.5	3.799328195	2.199421492	11.08286744	2.572690857	154	63.69166374	0.808209646		3.0175969			0.489145098	2.238605917		0.304168812	0	0	1.41753573	9.320603311	0	18.71246397
65		PD03_01	PM2.5	4.022818089	2.263186044	7.202930912	1.026309243	191	41.2997663	11.50788441		2.794520557	24.76556003		0	0		0	0	0	0.106384512	0.396580016	9.315449744	9.813851863
66		PD03_01	PM2.5	4.69328777	2.444520318	10.63467501	1.917614909	177	17.52220988	24.95508492		13.9655754			0	5.277383327		15.46660066	0	0	3.050355054	0	13.69946003	6.063332036
68		PD03_01	PM2.5	0.446979788	0.754395348	2.164064479	0.83376305	33	0	0		6.295932829			0	0.011903037		2.977297269	15.06393701	22.08607048	32.77451694	8.110067248	0	12.68027276
70		PD03_01	PM10	13.07415879	4.080016665	30.34194832	5.603550746	521	49.82076585	9.913366288		5.395313725			0	0		8.750139177	0	4.136411846	3.436334804	11.04533225	7.50233233	0
71		PD03_01	PM2.5	0.782214628	0.997971241	3.060449336	0.952872057	34	41.56490564	0		6.405343115			0	3.624578193		0.799189694	0	2.473401465	0.507669896	14.83051181	29.79440391	0
72		PD03_01	PM2.5	0.893959575	1.066876133	3.322994383	0.982950097	78	51.41983628	0.016086246		9.412747622			3.245139495	0		9.553232789	6.837019324	17.69424379	0	0	0.251171202	1.570530422
74		PD03_01	PM2.5	3.017113566	1.959976608	6.306546055	1.049014815	127	58.38238001	6.938870251		14.59150016			0.025305396	1.370739471		0	0	11.39886677	3.739387915	0	3.552956879	0
75		PD03_01	PM2.5	2.90536862	1.923338301	6.044001009	1.000548052	98	49.24365878	0		13.3795768			1.720961928	3.302884102		0	0	0	4.070045054	2.042765915	26.24010146	0
76		PD03_01	PM2.5	0.446979788	0.754395348	2.426609525	1.048339735	24	35.84071398	0.757046277		5.881305039			0.215839804	0.032999692		0	0	0	0	0	37.46713996	19.80495006
77		PD03_01	PM10	60.67750617	8.789596141	30.26505065	1.201282701	2436	47.07426429	0	6.207460165	5.759237334	37.01908886		0.182174682	0		0	0	0	0	1.356225181	2.401555702	0
78		PD03_01	PM2.5	2.793623673	1.88598837	5.858353627	0.97762748	118	30.88726699	8.009173721		11.10327318			1.226992067	3.923300654		0	0	6.356155872	15.98116308	1.576915011	17.73775667	3.198008612
79		PD03_01	PM2.5	0.223489894	0.533438066	1.530224668	0.83376305	22	45.90400755	27.43517458		24.89238083			0.024665814	0.043113533		0.15347458	0.164536096	0.185122062	0.210235943	0.256059133	0.320973899	0.410253508
80		PD03_01	PM2.5	1.676174204	1.46088031	5.038866433	1.205415236	84	66.2697494	0		0			4.502963647	25.8875072		0.072214089	0.574092194	0	0	0	2.693474106	0
81		PD03_01	PM2.5	0.335234841	0.653325536	1.978417097	0.929130466	17	32.70645142	4.686132818		0			0.062556146	0.100004056		27.98018754	18.92136484	0	0.750281895	0	14.79302496	0
82		PD03_01	PM2.5	0.223489894	0.533438066	1.530224668	0.83376305	15	67.62485504	29.75318432		0.068102789			0.03374932	0.061145134		0.220472063	0.236796471	0.266724266	0.30343507	0.370562449	0.465337327	0.595631078
83		PD03_01	PM2.5	1.899664097	1.555225852	5.224513816	1.143418159	68	56.33984208	43.29112172		0			0	0		0	0.369043718	0	0	0	0	0
84		PD03_01	PM10	15.75603751	4.478974216	17.54320882	1.554394303	462	68.39793324	0		2.656651475			0.176239852	0		5.885474756	3.345021978	5.307073519	7.816675305	3.325954452	0	3.088957071
85		PD03_01	PM2.5	4.246307982	2.325202624	8.918802963	1.490705263	136	31.19330704	3.896861896		11.35879681			2.36701183	0.369790359		0	4.871314019	5.723988637	0	1.609003171	1.268841978	37.34108508
86		PD03_01	PM2.5	2.234898938	1.68687928	5.410161198	1.042203812	78	33.67651701	9.463746101		1.312921289			2.135056816	0.003333204		0	0	2.58657597	2.326846868	0.704476936	8.07357952	39.7169441
87		PD03_01	PM2.5	1.340939363	1.306651072	6.120898673	2.223368133	69	45.71463168	12.57251799		8.674541116			0.007571163	0.012595321		0	0	1.216324884	10.71475968	11.40620336	6.982078403	2.6987819
88		PD03_01	PM2.5	2.234898938	1.68687928	7.126033249	1.808122854	86	55.51277995	0		0.20228175			0.368126389	15.48499912		0	0	0	20.47743201	0	7.954382151	0
91		PD03_01	PM2.5	0.335234841	0.653325536	2.164064479	1.111684066	17	48.31235111	16.88737124		31.57009184			0.045760145	0.079153356		0.280596525	0.300716795	0.338147534	0.383963971	0.467504421	0.585827185	0.74852407
92		PD03_01	PM2.5	0.446979788	0.754395348	2.164064479	0.83376305	40	49.6175617	5.932627618		0			9.080328792	0.391023839		10.88541672	1.865317486	0	16.11855775	0	6.109167635	0
93		PD03_01	PM2.5	1.676174204	1.46088031	4.776321387	1.083073842	96	34.69248712	38.01328242		4.644272104			0	8.635849506		0	0	0	0	0	4.668829218	9.345283359
94		PD03_01	PM10	9.945300275	3.55847574	17.80575387	2.536839361	289	61.48795485	13.85441571		17.60023534			0.437297532	1.479486842		0	0	0.165999017	0	0	0	4.974613339
95		PD03_01	PM2.5	0.223489894	0.533438066	1.530224668	0.83376305	11	0	0		63.68838549			0.61034481	0.946061872		3.194727004	3.407172859	3.804268688	4.306176677	5.217628554	6.521840394	8.303390443
96		PD03_01	PM2.5	0.446979788	0.754395348	2.164064479	0.83376305	32	60.21398306	11.891637		1.23764025			0	0.029903909		7.001104206	0	0	19.62572932	0	0	0
97		PD03_01	PM2.5	1.564429257	1.411344463	4.776321387	1.160436259	92	54.74137068	4.216619954		8.797748387			0	0		5.650589988	9.994579107	14.9577722	0	1.019996591	0	0.621324591
98		PD03_01	PM10	12.18019921	3.938059332	17.20376612	1.933671979	449	59.51473713	0		1.200953126			0.808821898	1.518193632		10.47071889	16.22304469	7.556425035	0	0.996925589	1.710182987	0
100		PD03_01	PM2.5	0.446979788	0.754395348	2.426609525	1.048339735	21	93.0754602	0		4.859899357			0.027244788	0.049424334		0.178280077	0.191466231	0.215689233	0.245338026	0.299558463	0.376157509	0.481475145
102		PD03_01	PM2.5	1.229194416	1.251023157	4.776321387	1.476918875	60	84.95886922	0		5.99235706			2.497527562	0		2.723457851	3.827784956	0	0	0	0	0
104		PD03_01	PM2.5	0.446979788	0.754395348	2.164064479	0.83376305	32	27.06434429	0		23.9295423			1.777174138	0.198648171		16.42117649	21.31362408	9.295494854	0	0	0	0
106		PD03_01	PM2.5	0.782214628	0.997971241	3.246096719	1.071981064	19	57.15881586	0		24.9631092			0.022607112	0.038283702		0	0	9.830256552	0	1.532630529	4.482360557	1.971926913
107		PD03_01	PM2.5	1.45268431	1.360005555	4.96196877	1.34873598	80	38.88972998	31.73516989		13.62091452			0	1.52366031		0	0	6.085893512	3.512459248	4.632166401	0	0
109		PD03_01	PM2.5	0.223489894	0.533438066	1.530224668	0.83376305	23	0	37.56237924		48.07523787			0	0.367498398		1.273951866	1.362511795	1.527316868	1.732284017	2.104999498	2.633985505	3.359829262
110		PD03_01	PM2.5	1.229194416	1.251023157	3.956834194	1.013596872	60	43.84055734	0		5.780430138			0.007919767	0.741982507		0	0	45.86217701	3.262893856	0.504037738	0	0
111		PD03_01	PM2.5	1.005704522	1.131593022	3.694289147	1.079894928	68	26.40103996	10.7802704		17.29512066			0	0.068972138		12.78361529	27.07337141	0	5.597615615	0	0	0
112		PD03_01	PM2.5	0.782214628	0.997971241	3.508641765	1.252397696	25	39.47976232	39.48981464		0			0.026999164	0.04651731		2.68670395	2.072448283	1.040292252	7.714991271	0	0	7.442478836
114		PD03_01	PM10	8.380871018	3.26662768	11.63980959	1.286449466	346	46.30005956	3.787626699		10.64480916	19.70480084		0.769544486	1.434565987		0	0	2.992194705	0.850491878	0	1.800583117	11.71533465
115		PD03_01	PM2.5	0.446979788	0.754395348	2.426609525	1.048339735	33	36.81041896	36.25943065		0			11.7435962	0.026840105		0	0	0.45573567	0	14.7039786	0	0
116		PD03_01	PM2.5	1.45268431	1.360005555	4.328128958	1.026169907	95	49.11300838	18.75350028		1.128611434			0	2.348328941		1.283461507	0.334467203	0	0	22.89358377	4.145031795	0
118		PD03_01	PM2.5	0.223489894	0.533438066	1.530224668	0.83376305	23	79.13397551	15.19738287		4.00974974			0.021936021	0.039739415		0.143297692	0.15387655	0.173349399	0.197142945	0.240655383	0.302161742	0.386734959
119		PD03_01	PM10	23.01945906	5.413805092	17.83760593	1.099937864	788	47.84734547	1.819026843		8.105596155	29.77957726		1.48177417	0		6.065170467	0.212547998	0.060626969	0	1.651005819	0.577371474	2.399956621
120		PD03_01	PM2.5	0.223489894	0.533438066	1.530224668	0.83376305	16	0	15.06592333		0.448841834			0	0.046943387		0	0	0	0.201206119	36.66548431	0	47.57159948
121		PD03_01	PM2.5	0.335234841	0.653325536	1.978417097	0.929130466	15	78.54738832	0		0.866991747			0	0		11.92409173	0	0	3.269276768	1.396227349	1.753212512	2.242802642
124		PD03_01	PM2.5	0.223489894	0.533438066	1.530224668	0.83376305	8	73.76765609	0		0			0.372728892	0.642606569		2.268198691	2.434583567	2.731465921	3.109546565	3.798886016	4.771538824	6.102792919
125		PD03_01	PM2.5	1.005704522	1.131593022	3.431744101	0.931857543	47	57.53744841	11.68521792		0			4.182718694	0.052534958		0.586447259	0	0	0	0	0	25.95562935
126		PD03_01	PM10	10.9510048	3.734066465	15.93608649	1.845438273	322	58.7790072	0		6.378041953	19.03559268		0	1.587501541		0	0.159143482	0	3.823946416	0	10.2367647	0
127		PD03_01	PM2.5	1.005704522	1.131593022	3.694289147	1.079894928	30	10.90110615	4.995547235		0.097130798			1.289509609	0		0.192332675	0	0	0	0	6.36293143	76.16144419
128		PD03_01	PM2.5	0.446979788	0.754395348	2.164064479	0.83376305	22	68.03851724	0		0			0.025056474	0.64189476		20.47558278	9.54972133	0	1.269224472	0	0	0
129		PD03_01	PM2.5	2.234898938	1.68687928	6.306546055	1.41617	80	78.17527056	0		11.4234969			0	8.994183689		0.854062103	0	0	0.214321516	0.087925541	0.110113341	0.140634039
130		PD03_01	PM2.5	0.893959575	1.066876133	3.246096719	0.937983431	49	12.03168556	27.23536491		15.87365866			0	0.013030876		0	0	0	0	0	44.84625757	0
131		PD03_01	PM2.5	0.893959575	1.066876133	3.246096719	0.937983431	37	48.14682305	0		0			0.010212409	0.45524966		0.098247593	0.208813022	0	0	0	43.4251219	7.655531168
132		PD03_01	PM2.5	0.782214628	0.997971241	3.060449336	0.952872057	28	37.5511378	25.05838573		0.019596396			0.019107752	0.03176835		3.224270046	8.440264314	0	0	0	25.65546334	0
133		PD03_01	PM2.5	2.90536862	1.923338301	6.940385866	1.319338172	149	44.97245848	0.676258141		0.341010676	26.85449123		0.001835684	6.215850636		0	0	4.763589427	16.17451161	0	0	0
