Id	Area	Field	Class	Area (?m²)	ECD (?m)	Perimeter (?m)	Shape	Count	O Wt%	F Wt%	Al Wt%	Si Wt%	Cl Wt%	Ca Wt%	Br Wt%	Rb Wt%	La Wt%	Ce Wt%	Pr Wt%	Nd Wt%	Sm Wt%	Gd Wt%	Dy Wt%
1		PD03_02	PM2.5	1.45268431	1.360005555	4.776321387	1.249700586	57	42.17057526	9.267982841	0		0	18.85803491			0	0	6.246236712	18.23855191	0	3.476953879	1.741663553
3		PD03_02	PM2.5	0.670469681	0.923941834	3.060449336	1.111684066	17	54.43169475	34.49476361	4.565113783		0.02647799	4.558006302			0.173444091	0.186002208	0.209315377	0.237774896	0.289719505	0.36327173	0.464420067
6		PD03_02	PM2.5	0.782214628	0.997971241	3.246096719	1.071981064	34	78.91585231	0	0		4.973821715	8.804123849			4.873945937	2.432247438	0	0	0	0	0
5		PD03_02	PM2.5	0.223489894	0.533438066	1.530224668	0.83376305	26	0	0	56.36821389		37.57738471	0			0.561632821	0.597637147	0.667805457	0.753815332	0.908809714	1.130134333	1.434569061
4		PD03_02	PM2.5	1.564429257	1.411344463	5.224513816	1.388436336	79	24.86283332	0	0		0.820766576	36.04826629			0	0	4.363059253	18.54272038	7.69501552	2.968933992	4.698412865
8		PD03_02	PM2.5	0.670469681	0.923941834	3.060449336	1.111684066	34	0	13.87735605	10.89095399		1.161521114	0.970617589			0	0	0.312680542	0	50.981462	16.91605002	4.889363796
9		PD03_02	PM2.5	0.223489894	0.533438066	1.530224668	0.83376305	12	54.0247798	0	0.06070963		4.337884113	0.615908112			2.508867905	21.69414312	16.75770134	0	0	0	0
12		PD03_02	PM2.5	1.564429257	1.411344463	5.224513816	1.388436336	75	66.11108184	0	0.200218405		1.682453789	19.36232895			0	0	0	0	4.62885797	6.596822292	1.418236177
11		PD03_02	PM2.5	0.670469681	0.923941834	2.79790429	0.929130466	26	8.788686246	0	23.1835261		0	0.048022214			25.70826411	21.55465484	0	0	7.812194526	12.31450886	0.590143679
13		PD03_02	PM10	20.0023455	5.046560935	17.99140125	1.28777263	755	47.16231525	10.6747821	9.800127149	18.04864407	1.8888494	1.509537082			0	0	0	0.984067656	5.230595171	0.006708638	4.694380239
14		PD03_02	PM2.5	4.022818089	2.263186044	7.574225677	1.134844151	126	58.4343791	13.41245174	8.212793618		0.063755864	3.500762954			0	0	4.418871552	2.190467343	0.969961379	0	8.796551079
17		PD03_02	PM2.5	1.564429257	1.411344463	4.513776341	1.036368677	54	50.46233535	0	3.816532344		0.031231844	0.014085133			0	0	0	0	10.61453074	0	35.06127894
19		PD03_02	PM2.5	0.223489894	0.533438066	1.530224668	0.83376305	15	0	76.56860948	9.911821038		0.056447141	0.096987048			10.68042144	0	0	0	0	0	2.685710415
16		PD03_02	PM2.5	1.340939363	1.306651072	4.142481576	1.018361958	90	45.57721019	10.31711921	2.857227437	34.32694077	2.674144879	1.841415651			0	0	1.133788005	0	0.431163609	0.622125342	0.218860991
22		PD03_02	PM2.5	0.670469681	0.923941834	3.585539429	1.525878653	37	89.56943154	0	0		7.533095032	0.070983043			0.2542492	0.272827595	0.307100872	0.349084823	0.425766734	0.53419522	0.683270022
21		PD03_02	PM2.5	1.676174204	1.46088031	4.776321387	1.083073842	70	55.40909171	7.39678517	13.25173974		9.287977219	0			0	0	0	0	0	0	14.65440392
20		PD03_02	PM2.5	2.123153991	1.644166543	6.306546055	1.490705263	104	59.8459661	25.91415644	10.16113311		0	0			0	0	4.078748822	0	0	0	0
23		PD03_02	PM2.5	0.223489894	0.533438066	1.530224668	0.83376305	29	35.13851166	21.32548094	2.265960537		0.679494347	0.810222141			6.388059258	0	0	0	25.78036487	7.039027661	0.572889345
25		PD03_02	PM2.5	0.223489894	0.533438066	1.607122332	0.919665974	11	0	25.12167096	60.49170494		0.271112705	0.364161446			1.255374402	1.341567654	1.503025554	1.703482121	2.067619376	2.585075423	3.295192495
24		PD03_02	PM10	11.28623964	3.790789709	17.91450359	2.262822172	436	54.70793247	0	13.29592913	21.40626758	0	0.697812345			4.821585491	1.490241475	0	0	0	0	3.580230847
27		PD03_02	PM2.5	1.45268431	1.360005555	5.487058862	1.649294187	79	77.37137675	0	3.565604985		0	0.015181814			0	0	0	0	0	12.38969862	6.658136845
30		PD03_02	PM2.5	1.676174204	1.46088031	4.590674005	1.00051566	54	62.66947389	36.40798628	0		0	0.017409302			0	0	0	0	0	0.905132666	0
31		PD03_02	PM10	6.704696814	2.92176062	10.8203224	1.389605083	267	65.84573984	8.681532741	17.99684912		0	0.922294427			0	6.553580612	0	0	0	0	0
35		PD03_02	PM2.5	0.893959575	1.066876133	3.246096719	0.937983431	39	33.78089666	0.366874924	7.106492668		3.416622803	3.17128934			2.481323667	12.21013367	14.36985731	23.0965063	0	0	0
33		PD03_02	PM2.5	1.78791915	1.508790696	4.776321387	1.015381726	75	49.59238768	2.448327839	10.31889915		0.624854211	0.012492621			1.197192911	2.473296225	16.47835076	4.573971778	3.95341292	6.668971479	1.65784061
34		PD03_02	PM2.5	4.581542823	2.415243569	13.9576694	3.383796216	193	57.49575496	0	1.161428541		0.794662535	0			20.75432837	0	0.199777889	19.59405839	0	0	0
37		PD03_02	PM2.5	0.558724735	0.84343964	2.612256908	0.971905435	26	63.20269704	0	14.33052421		21.9025135	0.043303051			0.151808246	0.162393972	0	0.206763414	0	0	0
36		PD03_02	PM10	8.380871018	3.26662768	13.32382959	1.685617835	343	38.81804347	29.63914275	11.3926433		0.850075204	0			5.468462035	6.285390258	0	0	0	0	7.546252012
39		PD03_02	PM2.5	2.123153991	1.644166543	7.202930912	1.944585934	94	58.04774761	12.37440929	0		0	0.015110787			0	0	0	29.5627296	0	0	0
38		PD03_02	PM10	9.610065434	3.497987327	18.43959368	2.815571013	380	46.7763871	4.965561256	2.271773852	31.79896772	0.667257374	2.528954856			2.274165116	7.493074238	1.223863661	0	0	0	0
41		PD03_02	PM2.5	0.223489894	0.533438066	1.530224668	0.83376305	28	65.40948153	13.88909221	0		0.01477959	0.02552158			0.089222624	0.539649185	0.64825397	0.121347606	0	0	19.26266104
42		PD03_02	PM2.5	1.564429257	1.411344463	4.776321387	1.160436259	98	19.23067868	0	0		0	0.50714137			36.39973104	20.3494966	17.51505286	0	3.767424449	0.074419449	2.156059258
45		PD03_02	PM2.5	0.446979788	0.754395348	2.951699618	1.551124184	39	69.10455823	0	0		0.201959047	8.230566978			11.82860807	10.63430905	0	0	0	0	0
49		PD03_02	PM2.5	0.446979788	0.754395348	2.164064479	0.83376305	22	60.52113175	26.71751678	2.826447599		0.014979087	0.026499425			1.329365559	1.057175547	0.114289112	3.09125036	0	0	4.301349446
46		PD03_02	PM2.5	0.223489894	0.533438066	1.530224668	0.83376305	27	0	84.08233523	11.10645384		0	0.336403586			1.769725233	1.377731748	0	1.327356044	0	0	0
48		PD03_02	PM2.5	1.117449469	1.192803778	4.142481576	1.22203435	56	12.61812001	3.789370134	3.760232031		0.610324834	10.15158519			15.19298106	21.20526135	20.8052963	0	3.080338053	4.888014495	3.898486495
50		PD03_02	PM2.5	0.446979788	0.754395348	2.426609525	1.048339735	25	34.11912918	0	26.28570199		0.030500768	0.049045053			0	0	15.6057775	0	6.849963963	13.19500059	3.864880651
47		PD03_02	PM10	6.592951867	2.89731031	12.95253482	2.024975475	240	69.29079294	0	2.093060873		7.666240633	1.04521187			2.047400735	0	0	6.345833838	0	0	11.51147038
51		PD03_02	PM10	15.30905773	4.414985582	18.73399078	1.824325295	588	44.81962323	3.15704532	14.90087509	19.98758167	0	7.491922379			0	0	2.379505709	0	0	5.845892429	1.417552121
52		PD03_02	PM2.5	2.346643885	1.728536893	5.595808581	1.061863389	128	49.47952926	0	7.597509772		12.98604161	0			10.37332416	17.79394746	1.769647747	0	0	0	0
54		PD03_02	PM2.5	1.340939363	1.306651072	4.96196877	1.461130645	84	63.31017613	0	7.525804639		1.987822726	4.83357273			1.870121993	7.46820122	3.635182604	0	0	9.369115531	0
57		PD03_02	PM2.5	0.335234841	0.653325536	1.978417097	0.929130466	27	64.36840892	26.43946409	0		6.582358479	0.064017595			0.229106378	0.245812512	0.276679848	0.314457063	0.38344725	0.48103258	0.615207292
55		PD03_02	PM2.5	2.011409044	1.600314199	5.224513816	1.079894928	68	59.96574759	0	8.323120326		9.983540326	0			2.09831167	6.494946033	7.128289342	0	0	0	6.006044149
58		PD03_02	PM2.5	0.223489894	0.533438066	1.530224668	0.83376305	16	26.6261518	0	0		51.2522459	0			4.015554115	7.197293639	0	0	0	10.90875864	0
56		PD03_02	PM2.5	1.117449469	1.192803778	4.96196877	1.753356774	41	91.6324079	0	0		7.775960863	0.019663546			0.310662761	0.261305878	0	0	0	0	0
62		PD03_02	PM2.5	0.223489894	0.533438066	1.530224668	0.83376305	21	55.84094524	23.46746325	8.183338493		0.043362079	8.940677345			0	0	1.216350682	0.3882966	0.472235074	0.691684149	0.755651854
61		PD03_02	PM2.5	0.782214628	0.997971241	3.060449336	0.952872057	18	16.19643718	0	0		0.010583163	0.015760826			8.183322847	14.10630196	0	0	0.0837019	9.267998487	52.13588476
65		PD03_02	PM2.5	2.458388832	1.769213915	5.858353627	1.110940318	98	63.82288933	8.439233899	1.188472565		2.20862031	3.594166413			4.991500825	3.829151765	0	0	2.649152279	0	9.276807308
63		PD03_02	PM2.5	3.352348407	2.065996747	8.547508198	1.734283291	124	36.64151728	16.41451865	12.57306933		5.063334852	0			0	3.952077404	5.290172994	12.79945225	0	7.265853137	0
67		PD03_02	PM2.5	0.223489894	0.533438066	1.530224668	0.83376305	16	39.75044787	50.7594645	0.467542326		6.20643273	0.06928771			0.247418531	0.265395246	0.298650237	0.339364982	0.413693581	0.518853078	0.663439371
68		PD03_02	PM2.5	1.117449469	1.192803778	3.694289147	0.971905435	59	45.02348602	43.48665476	3.087202273		5.878680944	0			0.040034595	2.483947016	0	0	0	0	0
72		PD03_02	PM2.5	1.564429257	1.411344463	4.513776341	1.036368677	63	73.67120981	22.76845872	0		0.985128991	0.121815316			0	0	0	0	0	2.453376912	0
73		PD03_02	PM2.5	4.246307982	2.325202624	7.836770723	1.150940647	180	55.69441319	0	5.419180915	22.70938754	0.717167091	0			0	1.572626829	0	2.551477216	0	11.33574694	0
74		PD03_02	PM2.5	0.446979788	0.754395348	2.164064479	0.83376305	28	6.751967221	51.42249465	23.54583889		0.022222121	16.68067575			0.157005934	0.152795052	0.171354378	0.193965586	0.234952103	0.293246983	0.373467919
76		PD03_02	PM2.5	2.793623673	1.88598837	6.306546055	1.132936	120	36.67587042	19.14728731	2.34447103		0	0			0	0	2.989161573	2.093433775	0	36.74978018	0
78		PD03_02	PM2.5	1.564429257	1.411344463	4.590674005	1.071981064	81	71.34400606	24.48603511	0		0.095127814	4.074832797			0	0	0	0	0	0	0
79		PD03_02	PM2.5	4.246307982	2.325202624	7.311680631	1.001873923	162	53.78109217	31.60215616	12.73246706		1.541036274	0			0	0	0	0	0	0.343247596	0
82		PD03_02	PM2.5	1.45268431	1.360005555	4.776321387	1.249700586	62	56.33317828	18.86589378	20.05184144		1.749912649	1.145206019			0	0	0.192684156	0	0.124128512	0.278201932	1.25894649
83		PD03_02	PM2.5	3.352348407	2.065996747	6.940385866	1.143426416	160	55.51504493	0	17.04643518		2.319847792	2.161201648			0	0	2.130830847	13.87738883	0	3.767652065	3.181600198
85		PD03_02	PM2.5	0.223489894	0.533438066	1.530224668	0.83376305	17	45.41859329	13.18892241	0.004741113		0.006893979	0.014715774			31.83636665	5.520394444	0	4.009378701	0	0	0
84		PD03_02	PM2.5	0.446979788	0.754395348	2.164064479	0.83376305	37	26.93901956	0	0		8.956860006	0			0	0	0	0	0.078024127	5.311673507	58.71442556
86		PD03_02	PM2.5	0.223489894	0.533438066	1.530224668	0.83376305	11	58.18040371	0	0.083670218		0	38.76076341			0.397169264	0.279553188	0.312801194	0.353372563	0.426624529	0.531005021	0.674637128
87		PD03_02	PM2.5	0.558724735	0.84343964	2.612256908	0.971905435	30	27.51435935	9.661380202	0.256031263		5.7513576	3.329016268			4.367407039	15.01407325	14.47135657	15.86343795	2.66452115	0	1.107068639
88		PD03_02	PM10	6.48120692	2.872651902	9.738290157	1.164393225	196	67.09362864	0	0.001881955		1.878495142	7.28359744			0	0	0	23.74238819	0	0	0
89		PD03_02	PM2.5	0.223489894	0.533438066	1.530224668	0.83376305	8	51.90347433	0	0		0.046711281	0.077034376			0.273072207	23.44283313	24.25687313	0	0	0	0
90		PD03_02	PM10	8.157381124	3.22277834	11.45416221	1.279870534	244	54.99616861	0	1.396073774	23.39697033	0	1.078573614			0	0	0	0	1.336957328	2.165576071	15.62968791
92		PD03_02	PM2.5	1.564429257	1.411344463	5.858353627	1.745763357	70	66.56353474	0	4.130433872		0.008766689	0			0	0	0	29.29725349	0	0	0
94		PD03_02	PM2.5	2.234898938	1.68687928	7.836770723	2.186787229	99	49.91819263	0.472541293	15.09150416		0.054483337	0.742648495			9.545516968	0	0	2.999502048	2.02648323	0	19.14913058
93		PD03_02	PM2.5	1.117449469	1.192803778	3.694289147	0.971905435	46	42.27988124	0	7.968261093		0	7.684265822			0	0.464216759	0	0	0	0	41.6033715
95		PD03_02	PM2.5	1.78791915	1.508790696	5.224513816	1.214881794	68	35.10499597	14.41100985	0		0.005794984	0.623155665			10.59151515	9.918838739	0	23.44499975	0	5.899693444	0
97		PD03_02	PM2.5	2.570133779	1.808976496	6.044001009	1.13105432	105	43.80423427	13.50202411	4.294111207		1.673595048	0.095857866			0.331776612	0	0	4.534959793	0.128598697	6.045623496	25.58921278
96		PD03_02	PM2.5	2.123153991	1.644166543	5.410161198	1.097056644	85	63.36143017	15.00433087	0		0.545730861	21.08850628			0	0	0	0	0	0	0
98		PD03_02	PM2.5	1.229194416	1.251023157	6.197796336	2.486818899	63	62.08984852	11.07146069	2.223555185		5.05303368	18.84331703			0.180347974	0.057809683	0.064883847	0.073485833	0.089106243	0.11130122	0.141842989
99		PD03_02	PM2.5	4.581542823	2.415243569	8.579360253	1.278463092	155	27.4689585	32.15300739	2.241571806		14.19453621	0			17.64671654	2.684932016	0	3.340546042	0	0	0.269723521
100		PD03_02	PM2.5	1.117449469	1.192803778	3.956834194	1.114956559	55	66.17229581	0	22.1810773		10.79431027	0.396282971			0.072374375	0.077503745	0.087142404	0.09884329	0.12016017	0	0
101		PD03_02	PM2.5	2.011409044	1.600314199	7.01728353	1.948174193	96	45.94426155	0	0		0	0.006599256			9.356760979	7.142643631	0	0	0	24.63134378	12.91839182
102		PD03_02	PM2.5	2.123153991	1.644166543	5.410161198	1.097056644	131	56.6860497	0	17.25611091		0	0			1.619719155	11.26705334	10.51388234	2.657196112	0	0	0
103		PD03_02	PM2.5	1.340939363	1.306651072	5.410161198	1.737006354	51	56.10474348	28.25120986	0		10.69478691	0.017804377			0.063037657	0.147434301	0.157080672	0.09451232	0.105269544	0	4.364117607
104		PD03_02	PM2.5	0.558724735	0.84343964	2.612256908	0.971905435	40	0	11.07533798	44.55020726		0.036363985	0.056312833			0	0	17.55159199	0	7.664506882	14.75114524	4.314535111
105		PD03_02	PM2.5	4.134563035	2.294403878	19.82921658	7.567834584	203	38.04069459	0	0.719853817		0	0			1.375491358	28.65379155	0	0	0	14.30776715	16.90239906
108		PD03_02	PM2.5	0.223489894	0.533438066	1.607122332	0.919665974	24	32.71822333	0.034268049	0		0.007758491	0			1.359303575	1.643528976	0	0	35.83044708	20.0344637	8.372003585
107		PD03_02	PM2.5	0.223489894	0.533438066	1.530224668	0.83376305	32	81.00184798	0	17.26476699		0.06979974	0.124421821			0.446811318	0.479278062	0	0.613080757	0	0	0
109		PD03_02	PM2.5	0.558724735	0.84343964	3.060449336	1.33402088	22	12.96467781	0	0		0	0.014275439			13.85094374	22.17337042	34.3621999	0	6.823958457	4.775195941	5.035367608
111		PD03_02	PM2.5	4.134563035	2.294403878	13.84891968	3.691410228	158	55.27098775	0	1.604359224		0	0			0	0	0	2.315608598	10.36262959	0	30.44641018
113		PD03_02	PM10	14.75033299	4.333671338	21.31439564	2.450949466	541	91.09674692	0	0		0.591960689	1.514106523			6.797181815	0	0	0	0	0	0
117		PD03_02	PM2.5	2.346643885	1.728536893	5.410161198	0.992575059	97	50.80626011	0	0		0	8.53921175			0	0	5.632820353	8.185152709	0	21.96143866	4.87511605
118		PD03_02	PM2.5	2.458388832	1.769213915	6.120898673	1.212746254	117	54.90515828	0	3.317879513		1.001911983	5.246458948			0	0	10.26659608	12.89183199	7.548221946	3.601823375	1.220118161
116		PD03_02	PM10	23.80167369	5.505018817	27.28149898	2.488393722	754	44.79113519	0	0	22.27940857	0.054988323	0	20.78822255		0	0	3.763433546	1.949102432	0	0	6.373710185
115		PD03_02	PM10	68.83488729	9.36180007	35.48956447	1.456072064	2083	50.55351853	5.838246644	9.157770872	17.71232784	1.776912436	1.377195679			4.786257446	5.046852678	1.708255708	0.41506514	0	1.62760485	0
120		PD03_02	PM2.5	1.005704522	1.131593022	3.694289147	1.079894928	45	53.30283642	0	3.605971858		8.916950971	0			7.157080621	4.467943683	0	0.129604433	0	0	22.41960764
124		PD03_02	PM2.5	0.558724735	0.84343964	3.060449336	1.33402088	47	67.76020527	28.49588096	0.115141517		0	2.363592573			0	0	0.399992988	0.139235635	0.169818511	0.283410214	0.272716396
123		PD03_02	PM2.5	1.564429257	1.411344463	4.328128958	0.952872057	66	84.49840546	0	15.49190879		0.009688688	0			0	0	0	0	0	0	0
127		PD03_02	PM2.5	0.223489894	0.533438066	1.530224668	0.83376305	30	99.94238615	0	0		0.020294391	0.037321908			0	0	0	0	0	0	0
126		PD03_02	PM2.5	0.223489894	0.533438066	1.607122332	0.919665974	19	25.28496385	0	1.864806004		0.016033076	0.024977946			0	36.31426096	30.0381422	0	0	2.173775993	4.283033311
130		PD03_02	PM2.5	1.340939363	1.306651072	4.142481576	1.018361958	74	41.5240258	8.574499935	13.33961338		0.003853839	0.620610034			0	0	9.601711482	4.197243229	0	22.13844061	0
129		PD03_02	PM2.5	0.893959575	1.066876133	3.694289147	1.214881794	54	43.84709001	5.853093415	0		3.536434844	0.416437956			6.333975494	0	0	39.44354057	0	0	0.569431204
131		PD03_02	PM2.5	0.223489894	0.533438066	1.530224668	0.83376305	11	55.62825799	0	41.70459807		0.038338755	0.065688603			0.232042698	0.248551299	0.279404479	0.317101669	0.385788339	0.483159488	0.61707343
128		PD03_02	PM10	11.06274974	3.75306947	13.1381822	1.241645471	375	38.69258463	2.930782177	15.88952243	22.05506265	0	0			2.284730226	12.0863691	3.350771964	0.912336819	0	0	1.797847264
134		PD03_02	PM2.5	1.005704522	1.131593022	3.956834194	1.238840621	37	50.38002133	19.57422793	0.099654694		8.453709632	3.125548363			6.86770156	8.134447038	0	0	3.364674747	0	0
137		PD03_02	PM2.5	0.223489894	0.533438066	1.530224668	0.83376305	5	71.05574608	0	0		0.415039249	0.711384928			2.50443425	2.68744044	3.013955802	3.430478647	4.189847037	5.262304842	6.72936812
133		PD03_02	PM2.5	0.893959575	1.066876133	3.246096719	0.937983431	67	97.78981805	0	0		0	0.053414021			0.193152425	0.207521394	0.233820779	0.266069965	0.325065595	0.408331724	0.522806449
136		PD03_02	PM2.5	3.687583248	2.166835669	7.202930912	1.119610083	118	85.75683236	0	0		4.968643188	0.060804986			3.158836812	6.054890901	0	0	0	0	0
135		PD03_02	PM2.5	1.340939363	1.306651072	4.328128958	1.111684066	65	24.71939921	0	0		0	0			0	0	52.64192224	22.63867259	0	0	0
138		PD03_02	PM2.5	2.458388832	1.769213915	6.044001009	1.18246588	87	46.68800831	0	13.69425654		3.843587264	3.191521019			0	0	0	0	14.09883201	10.85547283	7.628311217
140		PD03_02	PM2.5	0.893959575	1.066876133	3.246096719	0.937983431	50	32.17945397	0	3.358180076		0.004459693	5.285099149			5.556646734	12.95379996	0	0	0	1.493272651	39.16908503
139		PD03_02	PM10	5.587247345	2.667190332	8.733155581	1.086262113	198	47.50232399	0	9.974881262		0	1.785712317		28.20757329	0	1.848509721	3.175599128	4.306134582	0	3.199269995	0
141		PD03_02	PM10	12.73892395	4.027369083	13.9576694	1.216979341	334	66.00036621	11.52150631	4.155805334		7.746842504	4.593621194			0	0	0	0	0	0	5.981855467
142		PD03_02	PM2.5	3.799328195	2.199421492	8.022418106	1.348012472	150	44.50380802	39.86127675	5.910235271		0.078844174	0			2.235369943	0	0	7.410471141	0	0	0
145		PD03_02	PM2.5	3.128858513	1.995942481	6.306546055	1.01155	85	42.15723872	28.66379619	26.43378377		0.027634169	0			0	0	2.468689345	0.248859194	0	0	0
144		PD03_02	PM2.5	4.358052929	2.35559872	8.284963152	1.253368564	163	64.22820687	0	8.151171356		0.453030271	6.231081113			0	0	1.929306798	1.656774245	0	5.338379368	12.01205179
