Id	Area	Field	Class	Area (?m²)	ECD (?m)	Perimeter (?m)	Shape	Count	O Wt%	F Wt%	Na Wt%	Al Wt%	Si Wt%	S Wt%	Cl Wt%	Ca Wt%	Fe Wt%	Zn Wt%	La Wt%	Ce Wt%	Pr Wt%	Nd Wt%	Sm Wt%	Gd Wt%	Dy Wt%
1		QR03_01	PM2.5	0.335234841	0.653325536	2.240962143	1.192092698	34	1.784959435	11.21545285		1.309052762			0	2.851231769			24.99143183	44.73507702	11.77689657	1.335885469	0	0	0
3		QR03_01	PM2.5	0.223489894	0.533438066	1.530224668	0.83376305	21	34.2113018	0		0			0.021520845	0.033559155			4.961415008	3.571376204	0	0	0	55.18472791	2.016096003
4		QR03_01	PM2.5	0.893959575	1.066876133	3.246096719	0.937983431	32	47.77459502	0		16.79430157			0.460310187	9.945273399			3.565165773	10.01445949	4.493278265	0	0	6.952617317	0
2		QR03_01	PM2.5	4.134563035	2.294403878	8.995700627	1.557508789	139	36.1653626	47.69529104		5.074979737			0	0			0	0	0	0	0	11.06436998	0
5		QR03_01	PM2.5	0.670469681	0.923941834	2.79790429	0.929130466	63	44.36792135	0		0			0.828981586	0.270156795			0	0	25.87328553	19.34641302	0	0	9.313245863
6		QR03_01	PM2.5	1.229194416	1.251023157	4.405026622	1.256222687	40	41.22879803	2.513276599		0			0.082197692	0			0	0	21.87544554	18.69836897	0	15.60191363	0
8		QR03_01	PM2.5	0.446979788	0.754395348	2.164064479	0.83376305	20	0	21.80397213		11.90963462			37.75278628	0.024539288			0	0	0	0	0	28.50907147	0
11		QR03_01	PM2.5	0.446979788	0.754395348	2.164064479	0.83376305	10	22.90607095	35.19464135		0			38.12028766	0.09113315			0.141035218	0	0	0.29121784	2.966873348	0.288738264	0
9		QR03_01	PM2.5	1.229194416	1.251023157	3.87993653	0.974582929	49	31.70468509	0		5.167682469			0.228225254	4.301148281			21.93177193	18.44405234	10.2669701	7.955463976	0	0	0
12		QR03_01	PM2.5	0.223489894	0.533438066	1.530224668	0.83376305	3	77.0065546	0		0			0.323141203	0.561073516			1.986589096	2.132944763	2.394199185	2.726146579	3.331457078	4.184678569	5.353214219
10		QR03_01	PM2.5	3.464093354	2.100147767	8.733155581	1.752035667	144	63.72504234	23.54003489		8.504097164			0.774157001	3.06667164			0.178989652	0	0	0	0	0.211010478	0
15		QR03_01	PM2.5	1.005704522	1.131593022	4.21937924	1.408694622	51	2.726373821	43.53196025		15.59245288			0	0.038368959			17.42916107	0	0	0	5.324897915	11.59511507	3.761674836
17		QR03_01	PM2.5	1.229194416	1.251023157	3.87993653	0.974582929	53	0	8.422828466		0			2.303394303	0			23.31409454	7.345046848	13.07303458	9.034331143	20.62014937	8.20896253	7.678171992
18		QR03_01	PM2.5	4.134563035	2.294403878	9.443893055	1.716574431	148	25.11775792	24.07348156		0.758819329			30.23068011	1.31901158			0	0	0	2.753091604	0	14.88881111	0.858346839
19		QR03_01	PM2.5	0.670469681	0.923941834	2.79790429	0.929130466	37	60.19639969	0		0			1.133479085	0			4.810525477	3.835171461	2.831196785	13.72109801	0	0	13.47213238
23		QR03_01	PM2.5	1.117449469	1.192803778	3.694289147	0.971905435	65	57.71225095	0		1.902818307			7.921105623	7.082686573			0	0	0	0	0	25.38113594	0
21		QR03_01	PM10	8.157381124	3.22277834	10.52592529	1.080836367	302	7.811954618	2.322903462		3.473157063			12.10558638	0		51.06116533	0.857491326	6.532251835	5.148952082	6.97433874	1.319537312	0	2.392668091
20		QR03_01	PM2.5	1.78791915	1.508790696	4.776321387	1.015381726	100	0	14.67698961		0.727571966	27.90754437		37.26515472	0.691707386			9.640178829	7.84047693	0	0	0	1.250376087	0
24		QR03_01	PM2.5	2.346643885	1.728536893	5.781455963	1.133489214	105	39.68932927	13.41252476		1.9302072			23.00361693	0.141677726			0	0	0	8.115467429	11.84191108	1.865259558	0
27		QR03_01	PM2.5	0.446979788	0.754395348	2.164064479	0.83376305	28	53.55308056	22.59519249		4.910143465			3.09651345	1.656118408			0	0	0	0.57605342	0	13.61289322	0
25		QR03_01	PM2.5	0.335234841	0.653325536	1.978417097	0.929130466	19	0	57.09121823		15.10424763			23.64464551	0			2.078234777	1.415942609	0	0.66571706	0	0	0
26		QR03_01	PM2.5	0.335234841	0.653325536	1.978417097	0.929130466	20	0	36.8963629		4.073991999			33.15181732	0.028327771			0.094727613	0.521520292	0.869075768	0.126982771	0	1.659822091	22.57736176
29		QR03_01	PM2.5	0.558724735	0.84343964	2.612256908	0.971905435	41	18.84218454	44.01393533		2.135026082			14.89533335	0			14.56076652	0	0	0	3.993020579	1.559731457	0
31		QR03_01	PM2.5	2.011409044	1.600314199	5.410161198	1.158004236	85	31.85635209	13.92577291		0			16.44931883	0			0	1.859086193	13.72808963	11.898233	4.168480635	6.114661321	0
30		QR03_01	PM10	32.85301439	6.467592835	23.47846012	1.335224003	964	49.32679832	0	8.407083154	0	5.480656028	14.68017697	7.831832767	12.30519935			0	1.968250051	0	0	0	0	0
32		QR03_01	PM2.5	4.805032717	2.473450559	8.208065488	1.115771881	154	37.31957376	18.95948499		2.177945338			10.3854768	5.883586034			5.220583454	9.425413609	0.375080924	7.816116512	0	0	2.436738461
34		QR03_01	PM2.5	1.229194416	1.251023157	3.87993653	0.974582929	45	33.22716355	0		0			56.09515905	10.67767516			0	0	0	0	0	0	0
35		QR03_01	PM2.5	1.45268431	1.360005555	6.383443719	2.232178689	80	43.9270407	17.23883897		2.229839005			25.93219578	0			0	1.065120846	6.654986739	2.951975167	0	0	0
36		QR03_01	PM10	10.39228006	3.637562637	12.35054706	1.168023778	348	38.7249738	0		0			2.32840348	1.75229013	47.60841131		1.787429489	0	0	0.837485027	6.961008161	0	0
37		QR03_01	PM2.5	3.799328195	2.199421492	7.651123341	1.226122132	122	60.03017426	12.90314645		5.360067636			0.929092709	8.422398567			0	0	1.431761496	0	0	0	10.92335433
41		QR03_01	PM10	13.52113858	4.149174415	15.93608649	1.494652485	401	53.2720089	30.50945997		3.117906116			1.91401206	3.881508857			0	0	0	0	0	7.305098325	0
39		QR03_01	PM2.5	1.340939363	1.306651072	4.328128958	1.111684066	76	13.44904602	7.649383694		8.05894509			0	0			2.378484607	8.86746347	26.02197528	6.471637636	5.659129471	3.155045211	18.28888059
42		QR03_01	PM2.5	0.446979788	0.754395348	3.028597281	1.632996701	25	64.2590642	6.320237368		23.32572788			1.540829055	0			2.480313741	0	0	0	0	0	2.073828876
44		QR03_01	PM2.5	0.223489894	0.533438066	1.530224668	0.83376305	15	42.4985081	1.821662858		0			0.019973653	0.032133874			6.354184449	0	0	32.58598149	0	16.68756157	0
43		QR03_01	PM10	49.72650137	7.956993651	42.81443865	2.933477356	1214	55.37663698	5.592991784		4.816473648	25.40121675		3.005940281	1.57610327			0	3.104230016	0	0	0	1.126407553	0
45		QR03_01	PM2.5	0.558724735	0.84343964	2.612256908	0.971905435	33	79.0142417	0		2.407262847			5.770402774	0			0.429884391	0.46822913	0.478428183	0.166895462	0.581395812	1.605448127	9.077819437
47		QR03_01	PM2.5	2.793623673	1.88598837	6.383443719	1.160732918	90	41.52366221	10.2769509		8.834590763			0	7.839675993			0	0	0	0	0.980465114	30.54465652	0
48		QR03_01	PM2.5	0.446979788	0.754395348	2.164064479	0.83376305	28	0	0		19.06823367			0.034545749	34.82337594			0	13.65550309	18.50146949	0	13.91686946	0	0
46		QR03_01	PM2.5	0.335234841	0.653325536	1.978417097	0.929130466	16	0	70.04048824		13.46617639			0.08131761	11.79012358			0	0	0.622715149	0.705958623	0.856814906	1.070820726	1.365585532
49		QR03_01	PM2.5	0.446979788	0.754395348	2.164064479	0.83376305	30	26.07912421	0		3.306495398			0.005769506	0.008937539			0	6.123868376	21.62537426	20.2242285	10.4662925	0	12.15991303
52		QR03_01	PM2.5	0.446979788	0.754395348	2.164064479	0.83376305	23	0	86.33351326		10.47076732			0	0.078809023			0.280886586	0.301253353	0.338928797	0.385115319	0.469415588	0.588672329	0.752630318
50		QR03_01	PM2.5	0.223489894	0.533438066	1.530224668	0.83376305	18	43.34893823	0		7.257869095			3.86649929	0.015319843			0	22.68956304	18.82825345	0	0	1.347026043	2.646526508
51		QR03_01	PM10	34.97616838	6.673308078	29.78500617	2.018428147	1024	50.33017397	0	8.402039111	3.567094356	14.08173293		7.908760011	3.943930194			0	1.88327767	0	2.542163432	2.877834253	2.29476057	2.168233506
53		QR03_01	PM2.5	3.911073142	2.231531534	7.836770723	1.249592702	194	84.99832153	0		0			0	3.535000607			3.247803822	5.841769651	0	0	0	2.377102897	0
55		QR03_01	PM2.5	0.223489894	0.533438066	1.530224668	0.83376305	14	0	70.40131092		4.882161319			0.096913276	0			16.81225449	5.448200554	0	2.359165251	0	0	0
58		QR03_01	PM2.5	1.229194416	1.251023157	3.87993653	0.974582929	58	13.00871074	0		5.154377222			0.008304801	0			0	5.757194385	16.0385713	5.359027162	0	0	54.67381477
56		QR03_01	PM2.5	4.805032717	2.473450559	7.75987306	0.997247648	181	75.17717481	6.649606675		7.341205329			1.128126681	9.70389396			0	0	0	0	0	0	0
57		QR03_01	PM2.5	0.446979788	0.754395348	2.164064479	0.83376305	40	0	18.14167798		4.024162143			32.77923465	0.022409596			0.665666815	30.4332763	12.36729324	0	0	0	1.566274837
62		QR03_01	PM2.5	1.676174204	1.46088031	5.038866433	1.205415236	70	53.80006433	10.08377448		0			2.209218591	4.806591198			12.36279458	1.631546207	9.05174762	0	6.054265797	0	0
61		QR03_01	PM2.5	2.234898938	1.68687928	5.410161198	1.042203812	101	35.39378643	9.918507934		4.094477743			0	0			0	6.659177691	14.04149532	0	2.533984929	26.70421004	0.654373318
60		QR03_01	PM10	73.8634099	9.697722124	40.11209053	1.733450229	2174	51.40447021	0		0.090854638	2.290321514	16.41560495	1.574571244	25.07639825			1.638452522	0	0	0	0.65805465	0	0.851279963
64		QR03_01	PM2.5	0.558724735	0.84343964	2.612256908	0.971905435	36	0	14.86907154		0			12.18671873	0			48.84242415	19.40074563	0	4.701039568	0	0	0
65		QR03_01	PM10	41.6808652	7.284897105	28.81172365	1.584863603	1305	48.0576247	1.787403785	17.37091839	3.190662712		6.990567595	16.17372185	4.787146673			0	0	0	0	0	1.641958207	0
66		QR03_01	PM10	6.034227133	2.771825501	9.475745111	1.184118654	179	30.24357855	5.299071595	25.57141483	0			19.85063106	0.348421815			8.46202597	0.554321846	0	0	0	9.670525044	0
68		QR03_01	PM2.5	2.681878726	1.847883667	5.781455963	0.991803062	93	52.88560987	0		0			0	15.03164768			2.877572179	5.264228582	14.01066482	0.15256108	9.777716547	0	0
69		QR03_01	PM2.5	1.005704522	1.131593022	3.694289147	1.079894928	48	26.04235113	3.263548762		1.662995666			25.03535748	0			0	0	5.467728525	7.718540728	1.911069266	7.223372161	21.6750294
70		QR03_01	PM2.5	2.011409044	1.600314199	4.96196877	0.974087097	65	12.50649989	19.19462532		0.084386847			20.7834363	0			0	0	12.51721084	31.87338114	2.850547805	0	0.189912913
72		QR03_01	PM2.5	0.446979788	0.754395348	2.426609525	1.048339735	33	17.08677411	21.2675035		2.159717865			15.5328691	0.729626324			21.34154141	1.191929448	0	20.69003433	0	0	0
74		QR03_01	PM2.5	3.24060346	2.03127164	6.940385866	1.182854913	116	0	36.10467017		6.64024353			43.17026138	0.783341751			0.735648721	0	0	0.34230568	0	0	12.22352386
73		QR03_01	PM2.5	4.358052929	2.35559872	7.836770723	1.121429348	168	13.1033197	0	44.75547075	2.037285082			17.03560799	5.419222638			3.724695742	0	0	0	3.134007007	1.583757252	9.206631035
75		QR03_01	PM2.5	0.335234841	0.653325536	1.978417097	0.929130466	33	38.16215098	44.19344962		6.73507899			9.731899202	0.029214041			0.103767565	0.111204002	0.125094049	0.142007321	0.172849395	0.216574152	0.276719849
76		QR03_01	PM2.5	1.676174204	1.46088031	6.383443719	1.934554864	65	20.95427811	27.13039815		2.490484342			30.57776392	7.818499207			0	0	0	1.941800304	3.669425473	4.458199814	0.959152728
77		QR03_01	PM2.5	0.223489894	0.533438066	1.607122332	0.919665974	17	58.32822919	25.29161572		12.07266003			0	3.090502508			0	0	0.162884244	0.185013504	0.225374824	0.282533444	0.361184799
79		QR03_01	PM2.5	0.223489894	0.533438066	1.530224668	0.83376305	20	52.94440985	44.94234622		1.171819866			0.012775364	0			0.083355518	0.089495454	0.100832037	0.114643143	0.139901775	0.175638229	0.224783248
80		QR03_01	PM2.5	0.223489894	0.533438066	1.530224668	0.83376305	9	0	77.07885504		14.67811614			0.117136072	0.202011876			0.715014758	0.766610587	0.861479156	0.978999864	1.193298865	1.496210694	1.912277937
81		QR03_01	PM2.5	0.558724735	0.84343964	2.612256908	0.971905435	13	0	58.50913525		0			38.85267377	0.068592507			0.235713576	0.251590344	0.281974929	0.319056213	0.38621109	0.481779361	0.613280991
82		QR03_01	PM2.5	0.558724735	0.84343964	2.612256908	0.971905435	17	0	23.9350751		1.064362191			55.74016571	0.028589813			2.304007299	8.521163464	8.406643569	0	0	0	0
83		QR03_01	PM2.5	0.335234841	0.653325536	2.164064479	1.111684066	14	0	0		0			86.22270226	0.386790419			1.259159856	1.334965602	1.486116461	1.672518998	2.006510273	2.48616375	3.145072237
84		QR03_01	PM2.5	3.128858513	1.995942481	6.754738484	1.160436259	157	40.66227078	17.15797931		15.7468617			2.196853235	7.321984321			0.496077118	0.643586181	0	0	0	0	15.7743901
86		QR03_01	PM2.5	4.805032717	2.473450559	12.76688744	2.69937888	82	54.98911142	0		0			0	0			0	14.88425285	7.333604246	22.79302776	0	0	0
