Id	Area	Field	Class	Area (?m²)	ECD (?m)	Perimeter (?m)	Shape	Count	O Wt%	F Wt%	Mg Wt%	Al Wt%	Si Wt%	Cl Wt%	K Wt%	Ca Wt%	La Wt%	Ce Wt%	Pr Wt%	Nd Wt%	Sm Wt%	Gd Wt%	Dy Wt%
4		TT01_01	PM2.5	0.558724735	0.84343964	2.612256908	0.971905435	25	48.98318052	0		0.00332803		0.005208547		17.50923991	0	0.521029299	0.626762211	0	3.288725764	0	29.06252742
2		TT01_01	PM10	5.587247345	2.667190332	10.8203224	1.6675261	154	65.51517248	0		5.741548166		0.002618627		7.239394635	0	0.061566668	6.960790604	5.158740655	0	0	9.320167452
5		TT01_01	PM2.5	0.223489894	0.533438066	1.530224668	0.83376305	26	52.48017311	14.93540406		22.96249717		0.019740556		0	7.131381333	1.549624745	0	0.9211828	0	0	0
6		TT01_01	PM2.5	2.681878726	1.847883667	5.858353627	1.018361958	130	44.37654018	19.50414628		10.21583527		0.327600492		0.576353306	0	0	0	0	0	8.325393498	16.67413861
11		TT01_01	PM2.5	1.005704522	1.131593022	3.431744101	0.931857543	47	50.4388988	15.09972364		1.053739432		0.91282092		15.80397487	0	0	6.776303798	0	3.618133068	4.869772866	1.426638663
8		TT01_01	PM10	8.269126071	3.244777082	10.8203224	1.126706824	362	43.54706109	0		0.397676323	45.15134096	0		0	7.161866874	3.742045909	0	0	0	0	0
9		TT01_01	PM10	9.721810381	3.518265684	12.95253482	1.37325923	432	49.54642653	0		1.448079851	38.11620772	0		0	4.748596251	4.768357798	0	1.372340135	0	0	0
13		TT01_01	PM2.5	4.022818089	2.263186044	7.01728353	0.974087097	145	36.97694838	13.17981035		0.624134019		0.16281401		21.00113034	0.387523044	10.97132117	0.612485269	0	2.634157613	2.975293621	10.47437862
12		TT01_01	PM2.5	1.564429257	1.411344463	4.328128958	0.952872057	89	54.25749421	0		9.880112112		0		0	0	0.027741207	1.253712177	1.996751316	3.655826673	0	28.92836928
15		TT01_01	PM2.5	0.223489894	0.533438066	1.530224668	0.83376305	8	2.93977093	0.62682936		0.021752503		0.034705002		69.61582303	0	0	0	0	0	26.76112354	0
16		TT01_01	PM2.5	0.446979788	0.754395348	2.164064479	0.83376305	17	92.32313037	0		0		0		6.154062226	0.137125561	0.147100375	0.165597163	0.188150606	0.229336112	0.28764829	0.367841567
17		TT01_01	PM2.5	0.335234841	0.653325536	1.978417097	0.929130466	23	33.62514675	4.556143656		0.663581584		0.857511442		8.922424912	19.89081353	31.48437738	0	0	0	0	0
18		TT01_01	PM10	18.99664097	4.918055968	16.75557369	1.176066624	619	64.04678822	0		0.326955691		0		32.44323134	3.076299839	0.10671902	0	0	0	0	0
19		TT01_01	PM2.5	1.676174204	1.46088031	4.513776341	0.967277432	98	58.42579007	2.66638957		18.96697283		0.130286952		0	0.029650962	0	8.246847987	0	6.257718056	0	5.276348442
21		TT01_01	PM2.5	4.581542823	2.415243569	8.733155581	1.324709894	162	58.63537788	0		1.836688258		0		20.85527033	4.346775636	7.58343637	6.742455065	0	0	0	0
23		TT01_01	PM2.5	3.687583248	2.166835669	8.733155581	1.645851687	148	71.80108428	0		5.897203088		0		3.176965564	0	0	1.403699256	0	0	6.090349704	11.63070127
24		TT01_01	PM2.5	1.45268431	1.360005555	4.328128958	1.026169907	50	28.54289711	4.960959032		7.6029405		1.17763551		0	0	0	0	0	0	4.576876387	53.13869119
25		TT01_01	PM2.5	1.676174204	1.46088031	5.410161198	1.389605083	68	61.89024448	0		26.20288432		5.409131944		0	0	0	0	2.997566201	0.134668336	0	3.365513682
26		TT01_01	PM2.5	0.782214628	0.997971241	3.246096719	1.071981064	29	37.89313436	0		5.90855293		0.008337107		1.259826031	0.570576452	1.134018041	0.646100007	0.334478519	0	44.23776865	8.007215708
27		TT01_01	PM2.5	0.893959575	1.066876133	3.508641765	1.095847984	48	75.76723099	0		0		0		11.77466139	0	0	0	12.45810241	0	0	0
28		TT01_01	PM2.5	2.123153991	1.644166543	5.672706244	1.206116422	85	59.69865322	0		0		0		22.92119712	0	0	0	16.27751142	1.102635078	0	0
30		TT01_01	PM2.5	0.782214628	0.997971241	3.246096719	1.071981064	58	65.23147821	0		15.53618908		0.004568059		0	6.150062382	13.07769567	0	0	0	0	0
33		TT01_01	PM2.5	2.123153991	1.644166543	5.224513816	1.023058353	128	40.73336124	0.654084608		0.984923262	38.64273131	0		3.46468091	9.409497678	0	0	6.110711768	0	0	0
32		TT01_01	PM2.5	0.670469681	0.923941834	2.79790429	0.929130466	19	0	56.47095442		30.86072206		4.669709504		0.096998789	0.549926935	0.570665626	0.405816175	0.541933905	0	0	5.833277479
34		TT01_01	PM10	20.33758034	5.08867483	20.34111312	1.618975529	570	51.09444857	4.402410612		10.69111675	14.80739266	0.15163481	7.330577821	2.592079714	2.210268378	0	0	0	5.909624323	0.2469311	0.563520426
37		TT01_01	PM10	7.263421549	3.04106487	11.34541249	1.410228432	248	61.71280146	2.072435245		1.484694704		0		21.75049633	0.919730961	0	3.437501192	2.987831645	5.104912072	0	0.529602496
36		TT01_01	PM10	5.475502398	2.640383718	10.18648259	1.508046234	241	45.2236712	1.619960926		1.268071868	40.97622633	0		0.719710253	0	1.375870593	5.108327046	2.083104849	0	0	1.625046507
38		TT01_01	PM2.5	1.564429257	1.411344463	4.513776341	1.036368677	52	50.2066493	0		6.537349522		5.373676494		0.089380174	0	32.73506165	0	0	0.54819379	4.509693384	0
39		TT01_01	PM2.5	1.676174204	1.46088031	4.513776341	0.967277432	99	68.43554974	0		2.218034677		6.392230839		0	3.313962743	8.742472529	0	10.89773998	0	0	0
42		TT01_01	PM2.5	1.005704522	1.131593022	3.956834194	1.238840621	63	38.15411627	4.958574846		6.156875938		0		0	0	0	0	1.654510573	0	3.160060197	45.9158659
41		TT01_01	PM2.5	0.558724735	0.84343964	2.612256908	0.971905435	13	21.49376869	0		2.917370014		0.008971119		15.24654925	39.80852962	6.760554016	0	5.43682985	2.757034637	0	5.570391938
43		TT01_01	PM2.5	0.335234841	0.653325536	1.978417097	0.929130466	14	49.97095466	47.40977585		0.928063411		0.106053532		0.038537901	0.138823048	0.149051705	0.167899171	0.190921652	0.233017467	0.292534218	0.374372676
40		TT01_01	PM2.5	2.234898938	1.68687928	6.863488203	1.677343577	135	41.95018709	8.302078396		1.649012044	32.50188828	0		5.989246815	0	3.516165912	2.645223401	2.900631167	0	0.50924411	0.036321318
