Id	Area	Field	Class	Area (?m²)	ECD (?m)	Perimeter (?m)	Shape	Count	O Wt%	F Wt%	Na Wt%	Mg Wt%	Al Wt%	Si Wt%	Cl Wt%	Ca Wt%	Rb Wt%	La Wt%	Ce Wt%	Pr Wt%	Nd Wt%	Sm Wt%	Gd Wt%	Dy Wt%
2		TT02_01	PM2.5	1.005704522	1.131593022	3.508641765	0.974087097	63	34.75224972	0			7.605362684		0	1.673147827		0	0	0	8.034443855	31.59060776	12.26086468	4.083325341
1		TT02_01	PM2.5	0.223489894	0.533438066	1.530224668	0.83376305	19	0	51.50569677			11.00940183		0.041539196	34.63970423		0	0	0.863774773	0.319528719	0.385297439	0.62635853	0.608700374
4		TT02_01	PM2.5	2.793623673	1.88598837	6.044001009	1.040569974	111	41.40442908	0			3.757315502	37.59737015	3.380782902	1.281341445		0	2.066190913	3.384496644	0	7.128079981	0	0
6		TT02_01	PM2.5	0.446979788	0.754395348	2.164064479	0.83376305	17	37.40153313	9.35126096			0.037265607		0.005804432	14.38042819		10.31816378	28.50554585	0	0	0	0	0
33		TT02_01	PM2.5	1.45268431	1.360005555	4.590674005	1.154441146	64	31.99940324	0			0		0.005627877	29.26391065		0	0	5.401977897	0	2.971067093	25.01467466	5.34334518
47		TT02_01	PM2.5	0.558724735	0.84343964	3.431744101	1.677343577	37	77.55593061	0			11.24334782		0	0.037383233		0	0.141576619	0.463146996	0.181027257	0.744495215	2.690768614	6.942323595
62		TT02_01	PM2.5	2.793623673	1.88598837	6.044001009	1.040569974	125	64.31424618	0			19.33911741		3.578274697	0		0	0	6.209680066	0	2.288551256	4.270129278	0
59		TT02_01	PM2.5	0.446979788	0.754395348	2.164064479	0.83376305	46	47.36377001	0			0.464897323		0.060395646	0		4.828158021	16.66344106	14.56492841	16.05440825	0	0	0
60		TT02_01	PM2.5	2.011409044	1.600314199	6.120898673	1.482245422	84	80.09383082	0			2.925997786		5.922486261	9.834114462		0	0	0	0	1.223574951	0	0
64		TT02_01	PM2.5	0.335234841	0.653325536	1.978417097	0.929130466	15	76.47025585	0			4.635752365		0.016237641	17.16993153		0.48441994	0.230576121	0.133652601	0.151497766	0.184003427	0.230129994	0.293550664
67		TT02_01	PM2.5	0.335234841	0.653325536	1.978417097	0.929130466	27	28.64234447	3.018957004			0		0.18563699	23.90642464		0	0	27.97302008	0	4.985678196	7.01238513	4.275555536
68		TT02_01	PM2.5	3.911073142	2.231531534	9.552642774	1.856698014	126	56.10055923	2.577959746			3.059886023		0	5.402705446		0	0	2.0158967	5.466536805	2.77572535	11.23066396	11.370074
69		TT02_01	PM2.5	2.346643885	1.728536893	7.388578295	1.851248448	101	53.45730186	0			14.77529258		0.918575563	0.151015061		9.187567979	1.214300469	2.296913601	17.99903959	0	0	0
72		TT02_01	PM2.5	4.134563035	2.294403878	8.470610535	1.380988132	128	55.79782724	0			0		3.376502916	5.538931116		6.22073561	5.493535474	0	0	2.310992777	8.281476796	12.98000216
74		TT02_01	PM2.5	0.446979788	0.754395348	2.164064479	0.83376305	25	28.09167802	27.1030277			0		0.00903531	0.014605948		0.05527148	1.087274496	0	0	0	9.009473026	34.62963998
76		TT02_01	PM2.5	1.005704522	1.131593022	3.87993653	1.191156913	37	59.21971798	12.2354649			8.398973197		0	0		7.539411634	0	0	0	0	12.60643303	0
78		TT02_01	PM2.5	0.223489894	0.533438066	1.530224668	0.83376305	22	90.74018002	0			8.027436584		0	0.029946506		0.107935909	0.115885679	0.130553578	0.148441026	0.18115117	0.227419357	0.291045941
80		TT02_01	PM2.5	2.346643885	1.728536893	5.595808581	1.061863389	87	39.25829828	11.45139113			8.505618572		0.035732388	10.79060361		0.74512111	0	0	2.895104326	18.99395585	5.480596051	1.843570732
82		TT02_01	PM2.5	2.570133779	1.808976496	7.126033249	1.572280743	126	52.18010545	17.9859966			3.478402644		0	0.051995448		13.86085302	2.929382585	0	0	3.359658271	0	6.15360029
85		TT02_01	PM2.5	1.45268431	1.360005555	4.328128958	1.026169907	45	51.13814473	0			29.58916426		0.013024882	0.296028424		1.334110461	3.804513067	0	0	0	13.82500678	0
83		TT02_01	PM2.5	0.558724735	0.84343964	2.612256908	0.971905435	43	57.68155456	28.87089252			6.647633016		0	0.019629062		0	0.074869511	0.281435973	0.095748861	0.383760897	1.199141704	4.74533774
84		TT02_01	PM2.5	0.335234841	0.653325536	1.978417097	0.929130466	26	50.69591999	21.61406279			0		0.033648821	26.55490935		0	0	0	0	0	1.101449039	0
87		TT02_01	PM2.5	1.899664097	1.555225852	4.96196877	1.031386338	89	43.09981465	0			3.633896261		3.007479198	37.09374368		0	0	9.94226709	1.634640805	0	0	1.588162035
88		TT02_01	PM2.5	0.558724735	0.84343964	3.431744101	1.677343577	25	75.41905642	0			24.49409068		0	0.086851791		0	0	0	0	0	0	0
93		TT02_01	PM2.5	2.570133779	1.808976496	6.754738484	1.412705011	138	37.96231747	0			1.5608266	30.18264174	0	3.259653226		12.25573048	7.649725676	0	4.239000753	2.890096977	0	0
96		TT02_01	PM2.5	2.681878726	1.847883667	6.863488203	1.397786314	110	42.69917309	20.97840011			7.520443946		0.980455894	0		0	17.34324992	5.176329613	0	0	5.301953107	0
97		TT02_01	PM2.5	1.229194416	1.251023157	4.142481576	1.110940318	44	74.88377094	0			3.575886413		0.005357534	19.39913779		1.848263852	0.122134306	0	0.165449828	0	0	0
99		TT02_01	PM2.5	0.446979788	0.754395348	2.612256908	1.214881794	26	21.89418226	0			0		0	0		0	0	0	0	0	28.09558511	50.01022816
98		TT02_01	PM2.5	0.893959575	1.066876133	3.246096719	0.937983431	60	32.30822086	0.989894662			0		0	34.9485606		3.299758211	20.37892044	7.12011233	0.954537001	0	0	0
101		TT02_01	PM2.5	3.128858513	1.995942481	8.284963152	1.745763357	124	63.8997674	0			1.086145639		3.602899611	14.94573951		5.542017892	6.39898926	2.998657897	0	0	1.065913308	0.459860638
103		TT02_01	PM2.5	0.223489894	0.533438066	1.530224668	0.83376305	5	0	73.8194108			0		0.383142405	0.647755573		2.27002725	2.433861047	2.728821523	3.103444725	3.7863601	4.752494767	6.074683368
102		TT02_01	PM2.5	1.229194416	1.251023157	3.956834194	1.013596872	94	59.11626816	0			0		0	0.009055555		6.413736939	0	16.93530083	0	7.713975757	7.777300477	2.034357563
104		TT02_01	PM2.5	0.670469681	0.923941834	3.060449336	1.111684066	21	31.31099641	0			2.417429164		0	0.301391841		10.759186	27.31535137	14.67304826	6.733179092	4.502383247	0	1.987035945
105		TT02_01	PM2.5	0.893959575	1.066876133	3.694289147	1.214881794	57	26.54782236	0			1.209183875		5.945109949	0.715426775		18.45391393	23.58597517	7.312484831	4.122183844	0.821115263	0	11.28677651
