Id	Area	Field	Class	Area (?m²)	ECD (?m)	Perimeter (?m)	Shape	Count	O Wt%	F Wt%	Al Wt%	Si Wt%	Cl Wt%	Ca Wt%	Fe Wt%	La Wt%	Ce Wt%	Pr Wt%	Nd Wt%	Sm Wt%	Gd Wt%	Dy Wt%	W Wt%
6		TT02_02	PM2.5	0.558724735	0.84343964	2.612256908	0.971905435	33	71.11370564	4.301370308	0.39943303		0	24.1854921		0	0	0	0	0	0	0	
1		TT02_02	PM10	6.034227133	2.771825501	12.16489968	1.951576349	250	25.91898739	0	1.544141956		0.406713039	2.987402491	41.22621715	0.601472985	5.736630782	5.981431156	0	6.222224981	0.734060677	8.6407125	
2		TT02_02	PM2.5	3.687583248	2.166835669	6.754738484	0.984612583	134	42.60839522	10.7978873	0		1.101847272	4.568549618		6.671605259	22.93438464	6.187729537	1.177222468	0	3.952376917	0	
5		TT02_02	PM10	14.63858804	4.317224708	14.06641912	1.07561798	412	54.96126413	3.657710552	0		0.056522951	35.49947441		0.221676286	3.715276718	0.500894617	0.191212643	0	1.195962075	0	
3		TT02_02	PM10	38.44026174	6.995974653	25.1174345	1.30603362	1474	49.98159409	0	2.480414882	38.43700886	0.110347918	0.225299201		2.852105908	0	0	1.490307413	0	0.839838013	3.583080694	
7		TT02_02	PM2.5	0.782214628	0.997971241	3.060449336	0.952872057	46	4.279244691	19.52601075	7.491777092		0	0		2.845933102	1.399267651	0	0	0	7.011263072	57.44649768	
8		TT02_02	PM10	22.12549949	5.307641745	30.15630094	3.270793977	768	32.24651515	1.42091997	0		0.877231918	0.375181879	46.51693702	0	0	0	0.62402836	3.772369027	5.141527578	9.025288373	
10		TT02_02	PM10	15.86778246	4.494829042	16.30738126	1.33365147	457	63.39898109	4.826469719	9.71295312	16.88620001	0	0		0	0	0	1.444825437	0	0	3.730573133	
11		TT02_02	PM10	10.39228006	3.637562637	16.12173388	1.990227807	318	55.42779565	10.76094732	0		0	4.356465861		0.468728039	6.914065033	0	0	0	15.20468146	6.867323071	
12		TT02_02	PM2.5	3.464093354	2.100147767	6.754738484	1.048135976	105	31.38491213	45.49449086	1.815286279		5.22826314	0.779244211		0.797902048	10.85119545	0	0	0	3.648703918	0	
13		TT02_02	PM10	11.50972953	3.828138293	19.25908088	2.564461194	387	35.77575386	2.331610583	0		2.073566057	1.305391919	58.51367116	0	0	0	0	0	0	0	
14		TT02_02	PM2.5	1.45268431	1.360005555	4.513776341	1.116089345	62	66.18246436	0	0.064569997		2.712758072	0		1.819096133	0	0	0	0	12.2188963	17.00221896	
18		TT02_02	PM2.5	0.223489894	0.533438066	1.530224668	0.83376305	12	81.0798347	0	1.590232737		0.018059071	0		0	0	0.708476594	0.150703813	0	0	16.4526999	
22		TT02_02	PM2.5	0.446979788	0.754395348	2.612256908	1.214881794	39	55.6078434	20.59408128	21.61904126		0.897831749	0.07540423		0	0.375820091	0.469126226	0.063327141	0.077117508	0.096733024	0.123670395	
24		TT02_02	PM2.5	4.022818089	2.263186044	8.09931577	1.297646513	122	52.27118731	0	16.02756232		0.116623717	0.014033668		4.934360459	0	0	4.435947537	0	18.73371601	3.46657075	
23		TT02_02	PM10	12.96241384	4.062543279	17.0950164	1.794086163	467	39.37068582	0	1.228178572		3.04902643	1.434662938	44.16963458	3.899903595	3.822885081	2.510296926	0	0	0	0.514726201	
27		TT02_02	PM2.5	0.782214628	0.997971241	3.246096719	1.071981064	45	47.4799931	0	2.554894239		0.007256178	4.728733748		2.46811416	4.790718481	4.071229324	6.006921455	0	27.89214551	0	
26		TT02_02	PM10	16.87348698	4.635082619	16.04483621	1.214103948	671	55.6524992	3.44074741	5.227467045	34.64727104	0	0		0	0.614012172	0	0	0	0.418003788	0	
28		TT02_02	PM2.5	0.782214628	0.997971241	3.246096719	1.071981064	41	62.36183643	0	3.999321535		0.06664031	7.93711096		6.439552456	6.707718223	0	0	12.48781458	0	0	
29		TT02_02	PM2.5	0.446979788	0.754395348	2.164064479	0.83376305	11	50.99368691	21.48137242	0		8.469714224	0.016401414		0.603865879	2.010504901	0	0	0	16.42446071	0	
30		TT02_02	PM2.5	1.899664097	1.555225852	4.776321387	0.95565339	82	53.04440856	18.34143102	4.137597233		0.05665163	1.087447815		0	0	0	0	0	23.33246917	0	
32		TT02_02	PM2.5	2.011409044	1.600314199	5.858353627	1.357815944	94	32.42475688	6.520621479	8.293071389		0.563209923	1.649388857		1.208214741	2.524580061	0	0	24.32973385	9.759993851	12.72643059	
31		TT02_02	PM2.5	1.899664097	1.555225852	4.776321387	0.95565339	89	49.87549186	29.01316285	7.89873302		0.634629605	5.977444723		0	0	0	0	6.600543112	0	0	
33		TT02_02	PM2.5	0.558724735	0.84343964	2.612256908	0.971905435	24	49.08018708	37.52795756	0		0.176895061	5.004309118		3.194524348	4.556452855	0	0.459681358	0	0	0	
34		TT02_02	PM2.5	0.446979788	0.754395348	2.164064479	0.83376305	41	46.44971192	23.6918956	0		0	23.28642905		1.430019457	2.133431472	0	0	0	3.008513339	0	
35		TT02_02	PM10	32.85301439	6.467592835	22.76772264	1.255608064	1371	52.55196691	0	0.236387365	44.48931813	0.480954535	0		0	0	0	0.539289741	0.084114709	1.617978513	0	
36		TT02_02	PM2.5	0.670469681	0.923941834	2.79790429	0.929130466	40	41.70993567	3.087574616	0		0.380454259	0		4.29000482	12.69761771	10.50784439	10.90396941	0	0.995359197	15.42723179	
37		TT02_02	PM10	8.380871018	3.26662768	11.08286744	1.166286522	303	62.4328196	0	0		0.026379261	29.77975607		3.012856841	0	0	0	3.389986604	0.745323393	0.612878613	
40		TT02_02	PM2.5	1.229194416	1.251023157	3.956834194	1.013596872	67	68.50472689	6.898397952	0		1.939881779	3.838558868		0	18.81843656	0	0	0	0	0	
39		TT02_02	PM10	7.375166496	3.06436839	13.61822669	2.001056841	216	42.13750362	10.96347719	1.358359773	21.1695224	3.58492136	6.384613365		0	0	0	0	7.928364724	5.855730549	0.617506728	
42		TT02_02	PM2.5	1.117449469	1.192803778	3.694289147	0.971905435	104	31.74853623	0	2.332508378		0	2.845518664		24.51274991	6.164034456	0	0.136315951	0	0	0	32.26034045
45		TT02_02	PM2.5	2.90536862	1.923338301	7.836770723	1.682144022	132	59.69910026	0	1.964778267		4.507277161	7.430230826		4.232414439	0	0	0.37234358	0	8.631457388	13.16240132	
43		TT02_02	PM2.5	2.234898938	1.68687928	7.202930912	1.847356637	114	15.89454561	0	1.30450651	48.29989374	0	1.932433434		0	0	14.77016956	8.522128314	6.554233283	1.871220954	0.85087698	
44		TT02_02	PM2.5	0.223489894	0.533438066	1.530224668	0.83376305	24	12.26909831	33.36163759	0.368176866		0	52.32258439		0	0	0.230388902	0.259605213	0.311935903	0.386734586	0.4898204	
46		TT02_02	PM2.5	1.005704522	1.131593022	3.508641765	0.974087097	54	56.06327057	0	0		0	13.95483315		0.128077052	0	0	0	0	3.673923761	26.17989182	
47		TT02_02	PM2.5	2.011409044	1.600314199	4.96196877	0.974087097	64	44.25980151	0	2.97751762		8.014749736	12.68564314		0	0	26.15589499	5.906387046	0	0	0	
49		TT02_02	PM2.5	1.229194416	1.251023157	3.87993653	0.974582929	67	59.65928435	0	0.026319857		1.01125082	0		6.294884533	0	0	0	0	0.085318973	32.92294741	
50		TT02_02	PM2.5	3.352348407	2.065996747	6.831636147	1.107874186	162	70.81534863	0	0		0	29.18465436		0	0	0	0	0	0	0	
51		TT02_02	PM10	6.928186708	2.970057456	10.60282296	1.291259627	262	60.03877521	1.249961089	4.680546001		1.17129432	12.76763678		7.405113429	0	0.793861318	4.77238372	0	7.120423764	0	
53		TT02_02	PM2.5	1.564429257	1.411344463	4.513776341	1.036368677	70	33.93130302	21.06079161	0		2.033354156	11.67228669		13.19402605	18.10823679	0	0	0	0	0	
56		TT02_02	PM2.5	3.24060346	2.03127164	7.574225677	1.40877205	123	39.79216218	9.894674271	16.37167633		0.042234675	0		14.72861916	6.453680992	0	0	0	12.71695793	0	
