Id	Area	Field	Class	Area (?m²)	ECD (?m)	Perimeter (?m)	Shape	Count	O Wt%	F Wt%	Na Wt%	Mg Wt%	Al Wt%	Si Wt%	Cl Wt%	K Wt%	Ca Wt%	Fe Wt%	La Wt%	Ce Wt%	Pr Wt%	Nd Wt%	Sm Wt%	Gd Wt%	Dy Wt%
7		TT02_03	PM2.5	0.893959575	1.066876133	3.508641765	1.095847984	52	69.71350312	11.61833555			17.53372252		0		0.02781144		0.099620887	0.106873002	0.120328367	0.136719353	0.166659907	0.20905782	0.267370185
10		TT02_03	PM2.5	0.223489894	0.533438066	1.530224668	0.83376305	31	80.48222661	6.424898654			8.772024512		3.198423609		0		0.110228255	0.118260819	0	0	0	0.893944409	0
9		TT02_03	PM2.5	0.223489894	0.533438066	1.530224668	0.83376305	10	0	64.57691193			0		0.05885078		27.63524652		0	0	0	0	0	7.728987932	0
8		TT02_03	PM10	34.86442343	6.662639313	27.0958516	1.675765552	1256	52.61266232	0			3.420020267	33.17309022	0.419889484		0.689952169	9.564132243	0.120253977	0	0	0	0	0	0
6		TT02_03	PM2.5	1.78791915	1.508790696	5.147616152	1.179382202	112	40.33193886	23.84083718			1.540637016		2.229114994		5.658125132		0	0	0	1.207859255	0	18.12641919	7.065066695
11		TT02_03	PM10	37.76979205	6.934694863	25.04053684	1.32109124	984	58.00289512	0			0.729148509		0.039250418		31.93149269		2.184130996	1.585538685	0	0	2.871600725	0.617218437	2.038722858
14		TT02_03	PM2.5	0.223489894	0.533438066	1.530224668	0.83376305	23	0	0			0		0.020947852		99.97905493		0	0	0	0	0	0	0
20		TT02_03	PM2.5	0.223489894	0.533438066	1.530224668	0.83376305	12	28.76605093	9.954180568			6.448679417		0.075557176		0		0	0	0	52.09903121	2.656508237	0	0
18		TT02_03	PM2.5	0.782214628	0.997971241	4.142481576	1.745763357	61	54.39183712	34.18670595			7.587872446		0.705717597		0.152198283		0	0	0	0	0.429742085	2.54592374	0
21		TT02_03	PM10	32.96475934	6.478582806	31.56458233	2.405139775	1281	46.9643712	0	8.497858793		15.92835486	19.71636415	0.288782269		0		0	0.021902703	2.056503296	1.882092282	0	4.643763602	0
24		TT02_03	PM2.5	1.899664097	1.555225852	4.96196877	1.031386338	80	48.29515219	24.81730282			4.859166965		0		14.45690989		0	0	0	0	0	7.571467757	0
25		TT02_03	PM2.5	1.45268431	1.360005555	4.328128958	1.026169907	53	31.28314018	2.376478724			2.97383666		2.366493642		19.70546395		0	0	4.753092304	11.95628867	0	8.927749842	15.65745771
23		TT02_03	PM2.5	3.352348407	2.065996747	10.07773287	2.410830472	136	42.80234277	1.11175077			0		0.411830237		23.15133363		4.413076118	6.938976049	3.266350925	17.90433526	0	0	0
26		TT02_03	PM2.5	2.234898938	1.68687928	6.229648392	1.381844955	71	57.40926266	18.23951751			8.21140632		0.847523101		5.262993649		0	0	1.869727485	0	2.104358375	4.746617749	1.308593899
30		TT02_03	PM2.5	1.45268431	1.360005555	4.142481576	0.940026423	72	56.59766793	0			31.61617815		0.005608975		0.651967572		2.038325556	0.873315427	0	1.120899245	0	1.996176131	5.099868029
28		TT02_03	PM2.5	0.223489894	0.533438066	1.607122332	0.919665974	6	44.68047321	49.48136508			0.238479301		3.28567028		0.056595367		0.202966342	0.217821705	0.245233998	0.278774765	0.340053113	0.426705927	0.545849837
27		TT02_03	PM2.5	0.446979788	0.754395348	2.164064479	0.83376305	10	0	3.544422239			15.97500145		0.047729508		1.958051696		4.210235178	0.972871855	4.599870369	2.521048114	19.38641667	14.62758482	32.15676546
29		TT02_03	PM2.5	1.005704522	1.131593022	4.142481576	1.357815944	40	59.65873599	0			5.923412368		2.499710396		18.44292581		0	0	0	0	0	13.4752214	0
32		TT02_03	PM2.5	0.782214628	0.997971241	3.060449336	0.952872057	47	0	0			15.88110477		0		35.96433997		1.983537711	0.728239864	5.105834454	11.8195869	0	18.66642386	9.850940853
36		TT02_03	PM10	6.034227133	2.771825501	10.26338025	1.38915057	265	49.25118983	0			0.152870722		0.291382778		44.60953176		0	0	0	0	5.695014074	0	0
35		TT02_03	PM2.5	1.229194416	1.251023157	5.595808581	2.027193743	47	40.8963263	24.8740986			18.80493015		0		3.274872527		6.845645607	5.304126441	0	0	0	0	0
37		TT02_03	PM2.5	0.223489894	0.533438066	1.530224668	0.83376305	20	63.11770082	0			0		0.017140181		35.17116904		0.448611565	0.155597297	0.148018566	0.167313847	0.202232134	0.251922221	0.320293778
38		TT02_03	PM10	8.716105859	3.331319657	11.15976511	1.137045246	223	55.47540188	9.405517578			3.196751699		0		26.5080303		2.032773383	0	0	0	1.300191134	2.081335708	0
39		TT02_03	PM2.5	1.45268431	1.360005555	4.328128958	1.026169907	78	45.63091695	7.594718784			4.271015152		0		0		1.424341369	0	4.82602641	9.054099023	0	0	27.19888389
42		TT02_03	PM2.5	3.128858513	1.995942481	7.202930912	1.319540455	130	58.37948918	0			9.235729277		0		4.215433076		14.41596001	13.75338733	0	0	0	0	0
40		TT02_03	PM2.5	2.234898938	1.68687928	5.858353627	1.22203435	114	52.09859014	0			1.34027712	33.68079662	0		2.950264886		0	0	1.055508014	0	1.001591329	0	7.872970402
43		TT02_03	PM2.5	0.446979788	0.754395348	2.874801954	1.471357183	32	5.18167913	0			0		0.063682412		76.76681876		0	17.98782349	0	0	0	0	0
47		TT02_03	PM10	31.51207503	6.334226082	21.71754246	1.191062339	930	52.30077505	4.150201008			0		0.23516987		38.2047683		0.608522445	1.929822937	1.375462022	0	0	1.195277832	0
45		TT02_03	PM2.5	0.670469681	0.923941834	3.060449336	1.111684066	16	0	3.165889904			0.033500438		0.018680598		65.59578776		16.86434746	8.359307796	0	0	0	5.962484702	0
48		TT02_03	PM2.5	0.335234841	0.653325536	1.978417097	0.929130466	26	51.95868611	8.872070909			2.763940766		0.004294008		24.15507436		4.803622887	3.89656499	0	0	1.355858333	2.099877223	0.090018444
49		TT02_03	PM2.5	0.223489894	0.533438066	1.530224668	0.83376305	10	50.57625175	36.33064926			3.59127894		0.030105666		7.534258068		0	0	0.388090941	0.272247288	0.33138264	0.415204698	0.530523015
50		TT02_03	PM2.5	0.223489894	0.533438066	1.530224668	0.83376305	11	39.71437216	7.904561609			4.080507159		0.023711096		4.951744899		0	0	0	0	0	0	43.32509935
51		TT02_03	PM2.5	2.90536862	1.923338301	6.754738484	1.249700586	158	28.96338105	0			1.690212637		0		14.73409235		4.128152877	11.45420223	13.43567967	5.795779452	11.27410904	4.171004891	4.353377968
52		TT02_03	PM2.5	0.335234841	0.653325536	2.240962143	1.192092698	26	70.47968507	4.333890602			0		0.028875543		14.55312222		0.545866415	0	0	3.748590872	6.309965253	0	0
53		TT02_03	PM2.5	4.358052929	2.35559872	9.738290157	1.731661719	172	54.42900062	3.658369929			0	19.05356646	0		15.24472535		0	0	0	0	0.522306468	7.092031091	0
54		TT02_03	PM2.5	4.581542823	2.415243569	12.53619445	2.72966798	201	58.59877467	0			12.89420575		0		6.202796102		1.820238493	11.84568852	2.799386904	0	5.838911608	0	0
56		TT02_03	PM2.5	0.223489894	0.533438066	1.530224668	0.83376305	14	21.3040486	0			0		0.013559246		0.02104513		20.74072212	57.92062283	0	0	0	0	0
55		TT02_03	PM2.5	2.011409044	1.600314199	5.038866433	1.004512697	112	30.37368059	0			0	62.20891476	0		0		0	0	0	7.417414337	0	0	0
