Id	Area	Field	Class	Area (?m²)	ECD (?m)	Perimeter (?m)	Shape	Count	O Wt%	F Wt%	Al Wt%	Si Wt%	Cl Wt%	Ca Wt%	La Wt%	Ce Wt%	Pr Wt%	Nd Wt%	Sm Wt%	Gd Wt%	Dy Wt%
1		WN02_03	PM2.5	0.558724735	0.84343964	3.431744101	1.677343577	33	61.87703013	0	20.09484768		0.60930592	0.156007055	10.41090935	6.851898134	0	0	0	0	0
4		WN02_03	PM2.5	0.558724735	0.84343964	2.612256908	0.971905435	24	0	19.65911686	0		0.323403301	0.498290313	18.32970977	61.1894846	0	0	0	0	0
3		WN02_03	PM2.5	0.335234841	0.653325536	2.164064479	1.111684066	24	40.98758399	0	0.626185536		0.00811113	0.017051343	38.95590007	15.52593708	0	3.879230842	0	0	0
5		WN02_03	PM2.5	3.911073142	2.231531534	7.388578295	1.110749069	135	49.73070323	16.26523733	9.653651714		0.84527554	0	3.946275637	19.55885589	0	0	0	0	0
6		WN02_03	PM2.5	0.670469681	0.923941834	3.246096719	1.250644575	33	35.22753119	8.140972257	12.05582693		0.031628652	0	25.06779432	0	0	13.23616058	5.858233571	0.381852104	0
7		WN02_03	PM2.5	1.564429257	1.411344463	4.328128958	0.952872057	76	14.29088414	0	0		3.474830836	0	0	0	0	0	0	10.50669104	71.72759175
9		WN02_03	PM2.5	1.45268431	1.360005555	4.328128958	1.026169907	58	11.4553161	9.778556973	1.80472061		4.521883652	0	0.960674975	2.384401485	1.100237202	0	0	28.48140299	39.51280713
11		WN02_03	PM2.5	0.670469681	0.923941834	3.060449336	1.111684066	26	38.38051856	0	25.69301128		2.366830222	15.74941725	5.542460829	2.777432464	1.689863019	7.800473273	0	0	0
17		WN02_03	PM2.5	1.676174204	1.46088031	4.513776341	0.967277432	48	42.38148332	0	0.018804875		0.488399481	19.21693534	27.18580067	10.70856601	0	0	0	0	0
18		WN02_03	PM2.5	0.782214628	0.997971241	3.694289147	1.388436336	24	93.08049679	0	0		2.272222564	0.460977573	0.462483941	3.723816946	0	0	0	0	0
23		WN02_03	PM2.5	1.340939363	1.306651072	4.328128958	1.111684066	40	0	28.88140678	0		0.085103867	0.759346876	0	16.58611745	33.4651649	0	20.22285312	0	0
19		WN02_03	PM2.5	0.223489894	0.533438066	1.530224668	0.83376305	21	63.26913238	0	16.32425338		11.60736233	5.347405374	0	0	0	0	0	3.451856226	0
20		WN02_03	PM2.5	0.335234841	0.653325536	1.978417097	0.929130466	6	0	1.659133472	8.819258213		0.059573539	0.08633305	0	0	0	0	71.83897495	0	17.53672361
22		WN02_03	PM2.5	1.117449469	1.192803778	4.142481576	1.22203435	40	64.26250339	0	31.62024915		4.073268175	0.043976319	0	0	0	0	0	0	0
21		WN02_03	PM2.5	0.893959575	1.066876133	3.246096719	0.937983431	33	65.06213546	9.795477986	5.193343759		0.009722827	11.76439822	1.150267292	0.831614062	0.372856832	2.986547351	0	0	2.833638899
24		WN02_03	PM2.5	1.78791915	1.508790696	6.492193438	1.875966862	89	44.36434507	0	5.47096394		0.047223555	0.152160658	1.830707677	10.27771682	13.93049508	21.00774199	2.244872414	0	0.673762895
26		WN02_03	PM2.5	0.782214628	0.997971241	3.508641765	1.252397696	31	62.05208302	0	9.007501602		5.942776427	0.081573677	16.4004609	6.515607983	0	0	0	0	0
27		WN02_03	PM2.5	0.558724735	0.84343964	3.585539429	1.831054384	26	49.85969663	0	0.067184214		0.00666722	0.010829241	2.832403407	6.884399801	3.519439697	2.718907595	0	34.10047293	0
30		WN02_03	PM2.5	2.123153991	1.644166543	5.224513816	1.023058353	74	8.703300357	4.023196176	0		0.005988784	3.50564681	0	2.606864832	25.23155212	25.55005848	4.602610692	0	25.7707715
28		WN02_03	PM2.5	1.340939363	1.306651072	4.142481576	1.018361958	50	38.20518851	23.55930358	2.406668849		0	0	2.191818319	0	0	6.578602642	12.71276027	14.3456623	0
31		WN02_03	PM2.5	1.899664097	1.555225852	6.492193438	1.76561587	47	27.39265561	68.11184287	0		0.278629526	4.216870293	0	0	0	0	0	0	0
29		WN02_03	PM2.5	0.223489894	0.533438066	1.530224668	0.83376305	15	48.96739423	0	4.386460036		0.083041802	0	1.12403715	1.370390598	1.79296378	0.613500457	2.439845912	7.734398544	31.4879626
34		WN02_03	PM2.5	0.893959575	1.066876133	4.328128958	1.6675261	49	75.13585687	3.15348804	0.376625825		1.693604887	0	0.203752168	0.465154927	0	0	0	3.761522099	15.20998478
33		WN02_03	PM2.5	0.782214628	0.997971241	3.060449336	0.952872057	44	28.72564793	67.90134311	2.479740046		0.02043049	0.036691999	0.132042589	0.141741347	0.159679842	0.18143818	0.221241405	0	0
35		WN02_03	PM2.5	0.223489894	0.533438066	1.530224668	0.83376305	16	35.79340875	40.02076685	22.38882482		0.025044545	0.043794836	0.155935343	0.16718054	0.188101199	0.213627424	0.260205334	0.326184486	0.416926388
36		WN02_03	PM2.5	0.223489894	0.533438066	1.530224668	0.83376305	24	85.64689159	0	6.309799105		0.108834263	0.193925772	0.694451202	0.745821511	0.839012209	0.954962708	1.166687161	1.464968175	1.874651574
39		WN02_03	PM2.5	1.340939363	1.306651072	4.065583912	0.980904789	60	74.11478162	0	13.90991211		0.106112752	7.346390188	0	0	0	0	4.522806406	0	0
38		WN02_03	PM2.5	0.558724735	0.84343964	2.612256908	0.971905435	16	24.19470251	12.54303604	0		0.020170877	20.77585906	0	0	15.99426568	2.95144096	9.621263295	10.81365272	3.085604124
40		WN02_03	PM2.5	0.223489894	0.533438066	1.530224668	0.83376305	24	0	5.421575904	0.336812716		0.012550323	0.018527219	0	11.79056615	24.58339185	53.85739803	3.811163828	0	0.168012839
45		WN02_03	PM2.5	0.670469681	0.923941834	2.874801954	0.980904789	47	9.234263748	0	0.854399707		0	0.00678686	3.07509955	10.38903892	10.73997244	11.61097735	0.598913664	21.43937796	32.05115199
41		WN02_03	PM2.5	0.558724735	0.84343964	2.612256908	0.971905435	38	33.78305733	0	0		0.00774912	0	0	2.119916119	2.295475081	0	0	61.79380417	0
42		WN02_03	PM10	7.039931655	2.993913722	10.44902763	1.234165632	220	67.47905612	0	25.99011064		0.835808273	0	0	0	3.05606667	0	0	0	2.63896659
47		WN02_03	PM2.5	2.570133779	1.808976496	7.01728353	1.524658064	76	60.01160741	0	9.05950889		2.780118212	0.752642052	11.78216189	5.746803433	6.8252258	0	0	0.511855073	2.530077286
48		WN02_03	PM2.5	1.005704522	1.131593022	3.508641765	0.974087097	39	42.39156544	13.89080435	0		0.19401894	1.417371258	7.124414295	0	0	18.78831834	4.517260566	0	11.67624295
52		WN02_03	PM2.5	0.446979788	0.754395348	2.426609525	1.048339735	26	91.17878675	0	0		3.710347041	0.124667946	0.447486108	0.480520679	0.540848309	0.615341868	0.75143124	0.943394378	1.207187306
55		WN02_03	PM2.5	3.575838301	2.133752265	7.75987306	1.340051527	84	59.34037566	0	0		0	1.230225433	6.094495952	3.432814032	0	0.280107092	0	0	29.62197661
63		WN02_03	PM2.5	1.676174204	1.46088031	5.595808581	1.486608745	63	51.36423111	0	0		2.212525904	0.0255558	0	0	0	0	2.881974541	43.51570904	0
59		WN02_03	PM2.5	0.670469681	0.923941834	3.508641765	1.461130645	23	0	61.02811694	33.92270803		0.073662435	0.124908704	0.439497316	0.470658671	0.528756436	0.600106735	0.730055943	0.91420114	1.167335361
67		WN02_03	PM2.5	1.676174204	1.46088031	4.96196877	1.168904516	62	47.50076234	0	7.586789131		0	3.352855891	17.9975912	0	0	0	18.7402457	0	4.821753874
68		WN02_03	PM2.5	0.223489894	0.533438066	1.607122332	0.919665974	19	50.45606494	0	0.783620123		0.04223281	45.23010552	0.468069734	0.328846136	0.367507036	0.41471622	0.499749323	0.621069688	0.78802146
70		WN02_03	PM2.5	1.45268431	1.360005555	4.776321387	1.249700586	45	28.33543718	7.5374946	0		4.850815237	10.4107067	19.95508522	15.77575356	0	0	0	0	13.13470751
71		WN02_03	PM2.5	0.335234841	0.653325536	1.978417097	0.929130466	11	53.03565264	42.36170053	0.136281364		0.467393221	2.475191467	0.137043989	0.147061411	0.165593042	0.188204681	0.229518255	0.287980936	0.368376449
73		WN02_03	PM2.5	0.223489894	0.533438066	1.607122332	0.919665974	22	63.92171979	0.224016444	0.016114063		0.014636025	35.8235091	0	0	0	0	0	0	0
74		WN02_03	PM2.5	0.223489894	0.533438066	1.530224668	0.83376305	13	95.61971426	0	0		0	0.106084009	0.382683543	0.411211047	0.463074399	0.527172862	0.644350098	0.809424277	1.03628058
75		WN02_03	PM2.5	0.335234841	0.653325536	1.978417097	0.929130466	24	82.59130716	0	0		0	3.86822857	0	0	0	0	1.957389154	11.58307344	0
76		WN02_03	PM2.5	0.335234841	0.653325536	1.978417097	0.929130466	26	0	14.68299627	0		0.014833007	0	20.08077353	25.58548152	24.97941852	0	3.824578971	6.036109105	4.795820266
77		WN02_03	PM2.5	1.676174204	1.46088031	5.410161198	1.389605083	64	52.15991139	31.75455332	10.88995561		0.009333449	0	0	0	0	0	0	1.630762406	3.555488959
78		WN02_03	PM2.5	0.670469681	0.923941834	3.060449336	1.111684066	39	39.58905041	4.949594662	3.336120024		0.135480135	0.014675979	7.435390353	13.51168752	0	0	0	27.96976566	3.05823274
80		WN02_03	PM2.5	0.223489894	0.533438066	1.530224668	0.83376305	34	35.45334041	31.62539899	7.982049882		3.045060486	0	0	0	0	0.129237282	0	21.76491916	0
79		WN02_03	PM2.5	0.335234841	0.653325536	2.240962143	1.192092698	23	41.54574573	28.33968103	1.961688325		1.193357166	0.150307058	13.51639777	1.910369657	0	0	0	11.38246208	0
81		WN02_03	PM2.5	1.45268431	1.360005555	4.590674005	1.154441146	32	19.48702484	0	60.68772078		0.043168283	0	16.86396599	0	0	0	0	0	2.91812215
83		WN02_03	PM2.5	0.223489894	0.533438066	1.530224668	0.83376305	7	0	65.65793753	16.85212404		0.256799581	0.433368189	1.51925683	1.627932675	1.826409996	2.075386979	2.529029734	3.170869127	4.050878808
84		WN02_03	PM2.5	1.340939363	1.306651072	4.142481576	1.018361958	42	65.85999131	0	10.83754376		11.77409068	1.912657171	2.495726384	3.24539952	0	0	0	3.874587268	0
86		WN02_03	PM2.5	1.117449469	1.192803778	4.96196877	1.753356774	49	0	13.00277859	4.277334362		20.08980215	2.88407281	5.277950317	17.74511486	3.809972852	0	0	32.91297257	0
85		WN02_03	PM2.5	0.670469681	0.923941834	2.79790429	0.929130466	9	0	83.74849558	4.961359501		0.159034797	0.275749085	0.977602787	1.048776973	1.178407855	1.340183895	1.635263115	2.051737159	2.623403072
88		WN02_03	PM2.5	0.223489894	0.533438066	1.530224668	0.83376305	12	54.045856	21.03198022	23.05275649		0.025909426	0.045480375	0.162143749	0.173865119	0.195645355	0.22222742	0.270742946	0.339451106	0.433943374
89		WN02_03	PM2.5	2.123153991	1.644166543	5.410161198	1.097056644	69	15.62570632	12.99096793	0		0.05081314	10.26788056	4.595077038	4.206246883	0	0	0	0.772113726	51.49119496
90		WN02_03	PM2.5	0.335234841	0.653325536	2.164064479	1.111684066	13	17.96077639	8.730261028	19.32542473		21.96238041	0	0	0	1.78737063	0.252586999	9.973140806	20.0080663	0
92		WN02_03	PM2.5	0.223489894	0.533438066	1.530224668	0.83376305	14	85.54679155	0	0		0	0.074316253	0	0	0.630391343	0	2.082541026	10.32065451	1.345311571
93		WN02_03	PM2.5	1.340939363	1.306651072	5.487058862	1.786735369	63	35.44050157	0.408225693	4.676585272		4.521359876	4.929280654	9.189433604	13.05698454	19.9556157	0	3.622000292	0	4.200020432
95		WN02_03	PM2.5	0.782214628	0.997971241	3.246096719	1.071981064	33	35.87067127	46.43858969	16.36296362		0.017702556	0.07169962	0.111601478	0.119690143	0.134721142	0.153037906	0.186480558	0.233848137	0.29899599
94		WN02_03	PM10	9.051340699	3.394779067	11.90235464	1.245497889	204	49.18197691	18.78230274	6.400647014		4.344234616	0	13.32833618	4.303957522	0.452214293	3.206326813	0	0	0
101		WN02_03	PM2.5	2.234898938	1.68687928	7.651123341	2.084407624	87	38.96059692	5.765366927	3.906043619		0	10.69208384	0	0	0	0	0	4.869293422	35.8066082
105		WN02_03	PM2.5	0.558724735	0.84343964	2.612256908	0.971905435	45	86.36705875	0	0.087667623		13.51615787	0.029118804	0	0	0	0	0	0	0
103		WN02_03	PM2.5	0.558724735	0.84343964	2.612256908	0.971905435	27	37.03711033	23.77375066	0		37.73832619	0.037407374	0.129337073	0.138141774	0.154939981	0.175400369	0.212493353	0.265249214	0.337852491
104		WN02_03	PM2.5	0.670469681	0.923941834	2.79790429	0.929130466	55	74.1404891	0	0.658516539		0	0.042893109	0.25479265	0	4.261531681	10.55851877	10.0832656	0	0
106		WN02_03	PM2.5	0.893959575	1.066876133	3.508641765	1.095847984	34	3.587193787	1.611326635	11.01795584		1.911106892	16.98852181	0	0	9.320577234	54.12963629	1.433677878	0	0
107		WN02_03	PM2.5	0.446979788	0.754395348	2.164064479	0.83376305	29	43.27762127	0	0		0.054622936	13.02087307	36.83414459	0	0	6.812732667	0	0	0
108		WN02_03	PM2.5	0.223489894	0.533438066	1.530224668	0.83376305	16	69.27193403	0	0		0.443268847	0.756883621	2.660051174	2.853913978	3.199822083	3.641536832	4.446798563	5.584809929	7.140984386
109		WN02_03	PM2.5	0.446979788	0.754395348	2.426609525	1.048339735	25	77.0440042	16.90080762	0		0	0	0	0	0.640677661	1.528603211	1.335163321	1.118452661	1.432287227
110		WN02_03	PM2.5	0.446979788	0.754395348	2.164064479	0.83376305	13	31.66622818	0	0		0.023583625	0.392274931	2.953800187	3.650813177	0	0	0	52.51841545	8.794894069
111		WN02_03	PM2.5	2.458388832	1.769213915	5.781455963	1.081966977	115	45.27317286	14.07747716	0		4.256639257	13.35470676	1.869505458	4.512670636	0	0	0	16.65582508	0
112		WN02_03	PM2.5	0.670469681	0.923941834	3.508641765	1.461130645	43	34.7728312	47.15003073	5.153155327		0.034846074	12.47177944	0	0	0.084065436	0.089245953	0.108412199	0.135638646	0
114		WN02_03	PM2.5	0.223489894	0.533438066	1.530224668	0.83376305	26	85.67213416	0	10.78292951		0.053655886	0	0	0.36985185	0.416343007	0.473567192	0.577926589	0.725402636	0.928191934
113		WN02_03	PM2.5	2.793623673	1.88598837	6.044001009	1.040569974	104	29.27860916	15.25581181	0.229118322	48.12753499	0.68998239	1.704561897	0	0	0	0	4.714368656	0	0
116		WN02_03	PM2.5	1.117449469	1.192803778	3.694289147	0.971905435	46	72.1807003	0	0		2.388530038	0	7.338003814	5.077582225	1.729170419	1.965068094	2.408538386	3.033719212	3.878687695
117		WN02_03	PM2.5	0.223489894	0.533438066	1.530224668	0.83376305	26	0	61.797297	0		16.42693579	18.43991578	0.11729683	0.125083409	0	0	0	3.093474731	0
122		WN02_03	PM2.5	0.223489894	0.533438066	1.530224668	0.83376305	24	65.50691128	6.765294075	0		17.89597571	7.997170836	0.167075743	0.17868313	0.200627674	0.227371254	0.275964546	0.344985514	0.439944118
121		WN02_03	PM2.5	0.446979788	0.754395348	2.426609525	1.048339735	34	90.1206553	0	6.840764731		0.040423594	0.072917383	0.262449123	0.281832949	0.317380438	0.361024868	0.440805359	0.553450873	0.708305743
127		WN02_03	PM2.5	3.24060346	2.03127164	6.492193438	1.0350162	105	48.0534941	24.2713809	0		0	10.66389903	0	0	0	0	12.22578585	3.354701027	1.430736296
129		WN02_03	PM2.5	1.78791915	1.508790696	6.383443719	1.813645185	47	25.02517104	0	15.95479101		0.693777762	0	0	11.04394868	8.56481716	0	0	3.830651939	34.88684297
131		WN02_03	PM2.5	0.670469681	0.923941834	2.79790429	0.929130466	16	64.367944	25.72045326	8.495391905		0.018980524	0.034076307	0.122494285	0.131477427	0.148076995	0.168327405	0.205341517	0.257709692	0.329725165
132		WN02_03	PM2.5	3.352348407	2.065996747	7.388578295	1.295873913	114	32.58581161	3.117030859	1.853414625		0	0.753536867	6.275886297	14.49859887	11.4909552	28.50372493	0	0.921042915	0
134		WN02_03	PM2.5	0.335234841	0.653325536	1.978417097	0.929130466	13	84.9963367	0	0		0.205132551	0.362707558	1.294236165	1.390416361	1.562663727	1.779877767	2.176198922	2.733800188	3.498635069
137		WN02_03	PM2.5	0.446979788	0.754395348	2.426609525	1.048339735	21	90.50314426	0	4.936653748		0.216639438	2.686755545	0.148955709	0.159859913	0.180013373	0.204614107	0.24956658	0.313166692	0.400625309
140		WN02_03	PM2.5	0.223489894	0.533438066	1.530224668	0.83376305	19	40.78574777	0	0		7.00391531	0.142050919	30.84564507	11.21901721	2.068089508	5.738315731	0.83849309	0	1.358730067
139		WN02_03	PM2.5	1.45268431	1.360005555	4.142481576	0.940026423	67	72.06491232	0	9.402664006		0.506428257	3.585294634	0	0	1.280932035	0.413670111	5.498098582	7.247991115	0
141		WN02_03	PM2.5	0.670469681	0.923941834	2.79790429	0.929130466	33	13.11657131	0	0.00547764		0.007085298	0.010617492	0	0	39.43481147	20.96101046	14.64507133	6.919879466	4.899468645
142		WN02_03	PM2.5	0.558724735	0.84343964	3.137347	1.401901013	25	71.12234831	11.35099828	3.835841641		0	1.1728229	9.928268194	0	0	0	0	2.589712292	0
143		WN02_03	PM2.5	3.24060346	2.03127164	6.754738484	1.120421215	82	25.0796169	18.95420551	3.816151619		8.5065566	3.086581826	0	0	0	7.331537455	0	20.16898543	13.05637062
144		WN02_03	PM2.5	1.78791915	1.508790696	5.93525129	1.567907661	59	51.77429318	0	0		9.960108995	14.31483775	0	0	9.070081264	1.698030159	5.396158621	6.043292955	1.743206754
145		WN02_03	PM10	13.63288352	4.166284485	22.76772264	3.025809598	243	41.5714711	0	6.135991588		0	0	15.02818018	3.010003455	0	13.15316707	0	0	21.10118717
146		WN02_03	PM2.5	1.005704522	1.131593022	3.694289147	1.079894928	28	0	0	50.08968711		0.066618138	12.09345087	0.370187056	19.42435652	14.94177133	0	0	3.013922833	0
147		WN02_03	PM2.5	0.335234841	0.653325536	2.164064479	1.111684066	22	0	85.05476713	0		0.211024424	0.365200429	1.293244772	1.387694106	1.558567863	1.773225702	2.164724283	2.717012726	3.47453244
149		WN02_03	PM2.5	0.446979788	0.754395348	2.164064479	0.83376305	11	93.24495792	0	3.21399048		0	0	0.317326956	0.340885017	0.383895752	0.436871732	0.53372127	0.67030862	0.858047418
153		WN02_03	PM2.5	0.223489894	0.533438066	1.530224668	0.83376305	27	19.17022616	0	1.033247076		0.079026626	21.88425362	1.443870366	1.184555236	0	0	41.06114209	10.96186861	3.181809932
151		WN02_03	PM2.5	0.558724735	0.84343964	2.612256908	0.971905435	29	14.27293718	6.883450598	7.811785489		0	0.119477301	42.9043293	19.63979155	0	8.368233591	0	0	0
152		WN02_03	PM2.5	0.446979788	0.754395348	2.164064479	0.83376305	22	0	0	23.62562865		0.024552131	0.036395557	2.173985913	0	0	34.69560444	25.61995387	9.35093984	4.47294116
155		WN02_03	PM2.5	0.446979788	0.754395348	2.164064479	0.83376305	40	11.11173108	1.99113898	0		0.542457215	1.629462652	0	26.74417794	13.50383312	0	0	38.36341202	6.113781407
156		WN02_03	PM2.5	0.558724735	0.84343964	2.612256908	0.971905435	18	0	0	90.62969685		0.10598615	0	2.567806467	1.63723696	0.683774101	0.773616275	0.938197132	1.171947829	1.491740718
157		WN02_03	PM2.5	0.446979788	0.754395348	2.164064479	0.83376305	8	66.2668705	0	11.33496463		0.049989566	0	11.86962053	9.643940628	0	0	0	0	0.834610499
163		WN02_03	PM2.5	2.011409044	1.600314199	5.147616152	1.048339735	102	37.71941066	0	15.32212496		0.238322513	0.713345315	5.657456815	25.85391998	3.26638706	0	0	5.841560289	5.387460813
164		WN02_03	PM2.5	1.005704522	1.131593022	3.508641765	0.974087097	37	27.19545066	29.82433438	0		0	8.74722898	0	1.425290015	0	0	0	6.929829717	25.87787509
165		WN02_03	PM10	17.99093645	4.786101936	17.20376612	1.309131961	444	41.06356502	6.489376724	11.45376042	20.89992911	0	0.844502915	0	1.373562124	0	0	8.678117394	8.236709982	0.960485078
166		WN02_03	PM2.5	0.223489894	0.533438066	1.530224668	0.83376305	4	0	25.29183626	0.927353092		1.254678518	1.933719777	6.481997669	6.912384927	7.697343826	8.71605128	10.5783686	13.27589899	16.93036258
168		WN02_03	PM2.5	1.117449469	1.192803778	4.142481576	1.22203435	54	98.93168211	0	0		0	0.025790869	0.093391648	0.10032705	0.113078894	0.1286329	0.157098752	0.197335775	0.252665323
167		WN02_03	PM2.5	1.005704522	1.131593022	4.667571668	1.723858931	44	0	85.06522775	2.410937846		0	0.310080219	1.09935822	1.179595012	1.325233001	1.507527474	1.840035059	2.309143357	2.952864021
169		WN02_03	PM2.5	0.446979788	0.754395348	2.164064479	0.83376305	12	92.94003844	0	0		0	0.171464344	0.616751844	0.662772311	0.745926937	0.84946109	1.038596034	1.30472267	1.670276746
170		WN02_03	PM2.5	0.446979788	0.754395348	2.79790429	1.393695698	22	99.79552627	0	0		0.072015624	0.132468157	0	0	0	0	0	0	0
171		WN02_03	PM2.5	4.022818089	2.263186044	7.388578295	1.079894928	137	37.57184148	0	0		0.439248839	0.929746125	0	12.94001043	12.5873059	0.280936365	0	0	35.25091708
172		WN02_03	PM2.5	3.687583248	2.166835669	6.754738484	0.984612583	126	34.34102833	8.469037712	0		0.002570487	28.65885794	0	0	17.7341938	9.082259238	0	0.466866139	1.245184895
173		WN02_03	PM2.5	0.446979788	0.754395348	2.164064479	0.83376305	8	0	0	1.432567276		1.817245968	2.660113201	8.723517507	9.27124843	10.28615609	11.61212102	14.04925436	17.65124202	22.4965319
174		WN02_03	PM2.5	2.570133779	1.808976496	5.595808581	0.969527442	90	19.93959099	0.354182464	11.39470115		2.781700529	0.958871003	0	8.447062969	4.254035279	0	0	11.39009371	40.4797554
175		WN02_03	PM2.5	0.335234841	0.653325536	1.978417097	0.929130466	22	0	0	1.704179496		26.09753907	0.021350158	1.35765532	1.817210019	6.316152215	9.825859219	0	42.54900217	10.31105369
176		WN02_03	PM2.5	0.446979788	0.754395348	2.164064479	0.83376305	18	91.67534709	0	0		0.073792227	0.132493547	0.474550901	0.509500876	0.572949927	0.652192673	0.799601525	1.003841218	4.105722532
