Id	Area	Field	Class	Area (?m²)	ECD (?m)	Perimeter (?m)	Shape	Count	O Wt%	F Wt%	Al Wt%	Si Wt%	Cl Wt%	Ca Wt%	La Wt%	Ce Wt%	Pr Wt%	Nd Wt%	Sm Wt%	Gd Wt%	Dy Wt%
1		WN03_02	PM2.5	0.558724735	0.84343964	2.612256908	0.971905435	22	8.128876239	14.0379265	1.162560377		0.011319442	0.022798099	51.2162745	20.35606354	0	5.064186826	0	0	0
3		WN03_02	PM2.5	1.005704522	1.131593022	3.956834194	1.238840621	52	42.65554845	36.75923049	0		0.495694904	7.896418869	0	0	0	0	12.19311431	0	0
5		WN03_02	PM2.5	1.899664097	1.555225852	5.224513816	1.143418159	92	23.35082889	0	0		1.244724076	0	4.651454091	7.708761841	5.592030659	0	5.454910547	33.28132033	18.71596575
6		WN03_02	PM2.5	0.670469681	0.923941834	2.874801954	0.980904789	63	63.99741769	0	1.454665419		5.088	0	24.81198311	0	0	4.647930712	0	0	0
7		WN03_02	PM2.5	0.223489894	0.533438066	1.530224668	0.83376305	22	71.10773325	0	25.01604259		0.543513196	0.082318991	0.293102115	0.314301113	0.353569956	0.401682779	0.489477674	0.613718806	0.784535892
8		WN03_02	PM2.5	0.223489894	0.533438066	1.530224668	0.83376305	19	0	50.0683248	46.14534378		0.056288426	0.094286521	0.330267195	0.353433564	0.396925444	0.450165989	0.547034899	0.684469566	0.873461179
10		WN03_02	PM2.5	0.335234841	0.653325536	1.978417097	0.929130466	47	48.37628305	8.596308529	1.192340162		0.006977593	0.014882926	32.1778506	5.584323034	0	4.05103527	0	0	0
12		WN03_02	PM2.5	0.446979788	0.754395348	2.164064479	0.83376305	29	0	68.65208149	2.424251661		0.023114023	26.69306099	0.594086526	0	0	0.596813718	0.281747337	0.323366723	0.411492493
9		WN03_02	PM2.5	0.223489894	0.533438066	1.530224668	0.83376305	24	0	0	0		0.061498594	0.088300614	8.598189056	18.39191169	0	0	0	72.86009789	0
11		WN03_02	PM2.5	2.234898938	1.68687928	5.487058862	1.072041222	100	57.09081292	7.209373266	23.43089432		0.006858577	0	0	0	0.175721548	0	12.08633855	0	0
13		WN03_02	PM10	6.034227133	2.771825501	15.56479173	3.194884116	226	64.81249332	2.963416278	0		0	0	0	0	18.19120944	0	8.378709853	0	5.654169247
14		WN03_02	PM2.5	0.558724735	0.84343964	2.612256908	0.971905435	37	28.03058028	12.27763742	15.37823081		0.006608295	0.108337076	0	0	13.95884901	30.23976684	0	0	0
15		WN03_02	PM2.5	3.911073142	2.231531534	9.629540438	1.886710736	150	52.29908228	9.643150866	8.693511039		2.480827272	0	26.88342035	0	0	0	0	0	0
16		WN03_02	PM2.5	0.558724735	0.84343964	3.060449336	1.33402088	18	66.43388867	14.08731341	17.17381477		0.031483776	0.055804366	0.199631625	0.214170921	0.241068937	0.273956684	0.33401805	0.418997696	0.535849947
18		WN03_02	PM2.5	0.558724735	0.84343964	3.060449336	1.33402088	40	43.55543256	49.37215745	0		0.021932481	5.709008873	0.12098545	0.129729731	0.145996013	0.165816909	0.201990572	0.253236387	0.323717692
17		WN03_02	PM2.5	0.446979788	0.754395348	2.164064479	0.83376305	29	56.47693276	0	41.66893661		0.10831987	0	0	0	0	0	0	0	1.74581036
19		WN03_02	PM2.5	0.223489894	0.533438066	1.530224668	0.83376305	11	0	62.94366121	25.29598475		0.172309321	0.291251508	1.022479217	1.095327176	1.22956913	1.396476943	1.700525545	2.130852453	2.721571922
24		WN03_02	PM2.5	0.670469681	0.923941834	2.79790429	0.929130466	43	26.52602494	30.09536266	4.92351912		0.04320927	0.019965708	0	0	0	38.39192092	0	0	0
25		WN03_02	PM2.5	2.123153991	1.644166543	5.410161198	1.097056644	110	38.15692663	0	0	42.05219746	3.741365299	0.600457657	9.003299475	0	0	0	4.076431692	2.36933399	0
28		WN03_02	PM2.5	3.128858513	1.995942481	8.918802963	2.0231	124	65.96503258	0	0		17.50268042	15.57669044	0	0	0.287928665	0.109948963	0.133160304	0.2128992	0.211666408
30		WN03_02	PM2.5	1.229194416	1.251023157	3.87993653	0.974582929	46	33.1885159	6.026264653	0		0.009726141	0	15.93834907	21.43362164	13.19755167	0	0	10.20596921	0
31		WN03_02	PM2.5	0.893959575	1.066876133	3.246096719	0.937983431	41	8.657950908	0	13.37523162		0.011723294	7.091822475	0.808230136	1.509077847	0.834459998	0.439679716	0	57.0080936	10.26372835
32		WN03_02	PM2.5	2.123153991	1.644166543	5.224513816	1.023058353	87	0	39.36524689	0		18.73473376	0	3.180326521	2.80054491	1.916408166	3.225558624	0	25.63516796	5.142006651
35		WN03_02	PM2.5	0.223489894	0.533438066	1.530224668	0.83376305	14	0	4.388581961	0.110451167		0.01805135	0.027244532	62.62568235	32.829988	0	0	0	0	0
36		WN03_02	PM2.5	0.335234841	0.653325536	1.978417097	0.929130466	30	12.78712004	66.76380634	13.80889565		0.050250365	4.57598865	0.319319079	0.342172338	0.384817761	0.43657925	0.531049538	0	0
37		WN03_02	PM2.5	2.681878726	1.847883667	6.492193438	1.250644575	98	25.72475076	0.399384787	17.05517769		0.627768645	0	5.500838906	24.46315587	11.34297326	10.71344241	0	0	4.172516242
38		WN03_02	PM2.5	1.899664097	1.555225852	4.96196877	1.031386338	99	2.668979578	24.77845252	2.739790082		0.188907853	0	0	0	5.814871937	4.959430173	2.83195693	3.99547182	52.02214718
39		WN03_02	PM2.5	2.011409044	1.600314199	4.96196877	0.974087097	70	54.98694181	0	1.208294462		7.003088295	0.010022838	0	0	0	0	16.31639451	18.7405616	1.734685153
40		WN03_02	PM2.5	0.782214628	0.997971241	3.694289147	1.388436336	36	36.47310436	11.18834242	0.079109665		0	2.031251602	6.104175374	2.970335633	0	0	0	35.07465422	6.079029292
42		WN03_02	PM2.5	0.446979788	0.754395348	2.164064479	0.83376305	17	95.89002132	0	0		0.054036948	0.098207395	0.354365236	0.380772585	0.428824965	0.488154218	0.596622424	0.749464147	0.959522929
41		WN03_02	PM2.5	3.128858513	1.995942481	6.306546055	1.01155	131	25.80305338	11.01256534	3.785425052		0	0	0	0	0	20.52859813	0	10.60542762	28.26493382
45		WN03_02	PM2.5	1.229194416	1.251023157	3.87993653	0.974582929	73	86.14539504	0	13.26211691		0	0	0.053258991	0.057158503	0.064385589	0.073173887	0.089238858	0.111988885	0.143279391
44		WN03_02	PM2.5	4.805032717	2.473450559	7.836770723	1.017110339	208	0	16.39990658	1.000089664		34.71743762	0	8.365245163	19.47571784	14.95384574	0.571684958	0.827208254	0	3.688871488
46		WN03_02	PM2.5	0.446979788	0.754395348	2.164064479	0.83376305	53	34.43574607	19.79739368	0.180142163		3.503702953	0.141322485	26.8581599	15.08353502	0	0	0	0	0
48		WN03_02	PM2.5	2.570133779	1.808976496	7.01728353	1.524658064	96	39.00367022	22.14121222	6.334381551		0	0	0	0	0	10.20551249	0	6.330695748	15.98452777
50		WN03_02	PM2.5	3.017113566	1.959976608	8.547508198	1.926981434	119	68.13590527	0	0.23832845		0	8.519744873	0	0	11.03807911	4.745952412	0	0	7.321982831
51		WN03_02	PM2.5	0.893959575	1.066876133	3.246096719	0.937983431	57	67.69974828	0	7.908334583		15.7562077	0	0	0	0	0	0	8.635712415	0
52		WN03_02	PM2.5	0.670469681	0.923941834	2.79790429	0.929130466	49	25.13745725	0	0.097784377		0	1.015623659	5.026468635	24.02289212	4.851675034	0	0	0	39.84810114
53		WN03_02	PM10	9.498320487	3.477590725	12.2736494	1.262091215	327	62.18093634	2.940532565	21.75692022		0	0	0	0	0	0	0	5.597077683	7.52453059
54		WN03_02	PM2.5	0.223489894	0.533438066	1.530224668	0.83376305	15	56.24328852	37.03180552	4.847725108		0.182442088	0.048171895	0.173155463	0	0	0.238294643	0.290573388	0.944533199	0
55		WN03_02	PM2.5	1.564429257	1.411344463	4.328128958	0.952872057	75	48.5784471	9.495986998	13.78928125		0.007567531	0.010589316	0	4.088221863	15.63956141	0	2.976315655	3.578636795	1.835387945
56		WN03_02	PM2.5	0.893959575	1.066876133	3.431744101	1.048339735	36	38.41156065	18.50797087	2.750562876		0.013129461	0.021453945	0.227179634	0.989994593	1.582144946	0.526799448	1.754984632	0	35.21421552
59		WN03_02	PM2.5	0.223489894	0.533438066	1.530224668	0.83376305	24	93.60806346	0	3.460007533		0.039651012	0	0.259232568	0.278458605	0.313637825	0.356863462	0.435900781	0.547434296	0.700755604
58		WN03_02	PM10	5.922482186	2.746040517	9.81518782	1.294444999	248	39.93903697	3.443551064	10.89792177	27.19549239	0.416658586	0	0.37685018	0.665438222	1.437314972	9.515787661	0	0	6.111939624
60		WN03_02	PM2.5	0.446979788	0.754395348	2.164064479	0.83376305	5	76.75392628	0	0		0.092588947	16.26724303	0.625611749	0.669511128	0.751590729	0.852518436	1.036107633	1.296518557	1.654382423
61		WN03_02	PM2.5	0.223489894	0.533438066	1.530224668	0.83376305	14	97.72223234	0	0		0.029742974	0.054333068	0.196461892	0.211076485	0.237823697	0.27062539	0.33063083	0.415319996	0.531750452
62		WN03_02	PM2.5	0.893959575	1.066876133	3.246096719	0.937983431	29	24.4862631	0	0		23.0148375	0.755317928	0	0	0	0	0	51.74357891	0
63		WN03_02	PM2.5	0.893959575	1.066876133	3.508641765	1.095847984	47	4.242295772	3.832162917	0		0.012202219	9.277521819	0	0	2.002090774	0	48.81282151	0	31.82089627
65		WN03_02	PM2.5	0.223489894	0.533438066	1.530224668	0.83376305	17	21.89658433	6.919634342	0		0.096952857	1.016547624	1.155930478	2.039818466	4.631784931	5.969350412	0	46.81431353	9.459072351
66		WN03_02	PM2.5	0.446979788	0.754395348	2.164064479	0.83376305	16	0	0	0		11.06817648	0.118724268	0	0	35.29442847	0	15.24400562	29.6323359	8.642330021
68		WN03_02	PM2.5	0.893959575	1.066876133	3.431744101	1.048339735	61	0	18.04446131	9.97711122		2.007668652	0	0	0	1.861305162	0	0.695946161	49.2287457	18.1847617
69		WN03_02	PM2.5	1.340939363	1.306651072	4.328128958	1.111684066	57	24.79632944	33.77397954	34.58692431		0	0	4.342568293	1.414190885	0	0.3402801	0.286662136	0	0.459067477
67		WN03_02	PM2.5	0.893959575	1.066876133	3.508641765	1.095847984	47	81.75154924	0	0		0	6.488849223	0	5.157113448	6.18340373	0	0.419087708	0	0
71		WN03_02	PM2.5	1.117449469	1.192803778	4.142481576	1.22203435	57	75.36318302	0	0		0	18.71285588	0	0	2.805026807	0.508426409	1.101404149	1.06831193	0.440793345
75		WN03_02	PM2.5	0.782214628	0.997971241	3.060449336	0.952872057	46	47.90769517	0	30.46640158		0	0	2.775503322	4.156079888	0	0	0	14.6943152	0
79		WN03_02	PM2.5	0.446979788	0.754395348	2.164064479	0.83376305	19	0	0	17.66791195		0.766125601	0.302047795	0.076013658	1.896684058	2.087554149	0	8.492127806	10.0250721	58.68647099
80		WN03_02	PM2.5	1.899664097	1.555225852	5.038866433	1.063601679	77	24.4866401	48.23830724	0		2.067348361	0.015968652	11.02824584	14.1634807	0	0	0	0	0
