Id	Area	Field	Class	Area (?m²)	ECD (?m)	Perimeter (?m)	Shape	Count	O Wt%	F Wt%	Na Wt%	Al Wt%	Si Wt%	Cl Wt%	K Wt%	Ca Wt%	La Wt%	Ce Wt%	Pr Wt%	Nd Wt%	Sm Wt%	Gd Wt%	Dy Wt%
4		WN03_03	PM2.5	0.782214628	0.997971241	3.246096719	1.071981064	38	4.116383567	2.144282311		1.500479318		0.008211057		0.012030843	2.7013788	4.835701734	31.79777265	9.086538106	5.053633824	9.731160849	29.01243269
2		WN03_03	PM2.5	4.246307982	2.325202624	7.836770723	1.150940647	166	52.46426463	6.13543205		0.975938328		0.547848642		26.51963532	0	0	0	0	13.35687488	0	0
1		WN03_03	PM2.5	1.564429257	1.411344463	5.93525129	1.791894469	80	62.4583602	10.01598984		0		9.351886809		16.92299992	0.165086298	0.116584916	0.130835793	0.148182467	0.179669354	0.224417611	0.285992096
3		WN03_03	PM2.5	0.223489894	0.533438066	1.607122332	0.919665974	24	0	7.064324617		0.208972674		0.023081272		0.034594367	28.90042663	59.92164612	0	0	0	3.846966848	0
5		WN03_03	PM2.5	4.69328777	2.444520318	9.366995392	1.487693842	167	79.64863181	18.64579171		1.70556847		0		0	0	0	0	0	0	0	0
6		WN03_03	PM2.5	0.446979788	0.754395348	2.164064479	0.83376305	20	0	0		10.79010367		0.074617495		0.106870709	0.616035238	0	0	0	0	34.40158665	54.01079059
7		WN03_03	PM2.5	0.335234841	0.653325536	1.978417097	0.929130466	16	5.723686516	67.77153611		23.67753088		0.036802873		0	0.451828586	0	0	0.833322573	0.43371995	0.470397435	0.601179898
9		WN03_03	PM2.5	0.223489894	0.533438066	1.530224668	0.83376305	14	0	3.583670408		12.62811273		28.97325754		0.066003081	0	0	0	0	54.74895239	0	0
11		WN03_03	PM2.5	1.005704522	1.131593022	3.694289147	1.079894928	55	34.86441374	0		1.413687039		6.002790853		5.002623051	0	0.078507914	1.037355047	0.278423144	3.871702775	0	47.45049179
12		WN03_03	PM2.5	1.676174204	1.46088031	4.513776341	0.967277432	69	32.25303888	2.853363194		3.876583651		0.961468089		5.067481473	1.126075443	0	0	0	0	28.02388072	25.83810687
8		WN03_03	PM10	18.21442635	4.815737525	16.83247135	1.237856798	583	51.88960433	2.577918768		21.27966732	20.83425969	0.176942209		0	0	0.696738204	1.58152096	0.139403658	0	0	0.823953189
14		WN03_03	PM2.5	0.223489894	0.533438066	1.530224668	0.83376305	12	85.71321368	0		0		0.055613287		0	9.010001272	2.940209955	0	0.70935702	0.601882255	0	0.969718583
17		WN03_03	PM2.5	0.446979788	0.754395348	2.164064479	0.83376305	27	27.94998586	0		0		0.053925422		0	0.267204689	0	0	0	0	27.84098983	43.88789535
16		WN03_03	PM2.5	2.681878726	1.847883667	6.229648392	1.151537463	108	26.60752535	30.90394139		0		4.12549004		0.102497241	0	0	5.836199969	25.7929951	0	0	6.631343067
15		WN03_03	PM2.5	2.123153991	1.644166543	6.120898673	1.404232505	91	40.81134796	0		0.139262015		0		0.008945067	1.657113247	6.045244634	24.11642224	12.89049238	8.514498174	2.791201323	3.025468811
18		WN03_03	PM10	5.475502398	2.640383718	9.027552682	1.184421345	177	40.57023227	8.884370327		7.262765616		0		0	2.354985662	33.30048323	0	0	0	7.627160102	0
20		WN03_03	PM2.5	0.446979788	0.754395348	2.164064479	0.83376305	8	92.69595146	0		1.400296669		0.078371726		0.141472649	0.509126484	0.547027495	0.615783082	0.701057306	0.856872462	1.076288428	1.377751119
23		WN03_03	PM2.5	0.558724735	0.84343964	2.612256908	0.971905435	32	39.32948411	11.13557741		0		0.043990026		0.024285058	14.52782601	25.18327832	0	0	4.833995923	3.361700475	1.559867524
22		WN03_03	PM2.5	0.670469681	0.923941834	2.79790429	0.929130466	40	37.04701364	0		0.213165022		0.161033508		0	22.79452533	35.28552651	0	2.009755	0	2.488994971	0
24		WN03_03	PM2.5	0.223489894	0.533438066	1.530224668	0.83376305	11	0	76.08661056		1.396868471		0.326554291		0.555316592	1.951423846	2.092663758	2.347432822	2.669912949	3.257795796	4.088717699	5.226713419
21		WN03_03	PM10	28.60670641	6.035162785	21.26935003	1.258434784	869	48.92936349	3.108167276		15.36123902	16.64688736	0		1.516799163	5.379985273	0	0.20540948	6.645473093	0	0	2.206691355
25		WN03_03	PM10	7.486911443	3.087496027	10.26338025	1.119613892	266	43.2949394	11.87680289		16.934295		0		1.100648195	11.51573956	12.9185304	0	0	0	0	2.35904716
26		WN03_03	PM10	38.10502689	6.965402149	24.22104965	1.225162748	916	52.00500488	0		5.76098524		1.06266411		6.056893244	20.10409683	4.06155996	0	2.266793326	0	8.682000637	0
27		WN03_03	PM10	7.822146283	3.15586216	14.06641912	2.01294222	233	46.7471689	0		16.2678346		0		0	17.37395972	7.238423824	0	8.89647007	0	3.476141393	0
30		WN03_03	PM2.5	0.446979788	0.754395348	2.426609525	1.048339735	19	86.88447475	0		8.859729767		0		0.10379653	0.372688472	0.40017087	0.450471882	0.512443017	0.625672517	0.785465166	1.005087141
33		WN03_03	PM2.5	0.446979788	0.754395348	2.164064479	0.83376305	44	53.79586816	35.02695858		0		9.949663281		0.030273956	0.107991288	0.115791277	0.130309863	0.147993828	0.18026738	0.225994596	0.288888998
32		WN03_03	PM2.5	0.223489894	0.533438066	1.530224668	0.83376305	6	0	61.90854907		1.140685286		1.591811515		2.679213136	9.541380405	10.19366533	0	12.94468641	0	0	0
34		WN03_03	PM2.5	1.340939363	1.306651072	4.328128958	1.111684066	38	0	0		19.7615549		0		38.55322003	0	0	0	27.25067735	0	14.4345507	0
35		WN03_03	PM2.5	2.011409044	1.600314199	4.96196877	0.974087097	62	57.83552527	0		16.91218317		0		0	3.566636518	2.752719261	0	0	2.52863504	16.40429795	0
36		WN03_03	PM2.5	4.469797876	2.385607556	8.733155581	1.357827642	116	34.57415998	15.55974483		9.826651961		4.248134047		5.022291094	0.542612094	0	0	5.290569365	16.81675315	4.975501075	3.143582121
37		WN03_03	PM2.5	0.335234841	0.653325536	2.164064479	1.111684066	19	7.779552042	0		0		0.014023474		0.021080713	15.23630023	65.04692435	10.69194451	0	0	0	1.210168283
39		WN03_03	PM2.5	0.670469681	0.923941834	2.79790429	0.929130466	16	79.39227819	0		18.96663606		0.021693003		0.08544887	0.138079107	0.148134807	0.166769419	0.189501874	0.231023389	0.289800367	0.370633276
38		WN03_03	PM2.5	0.446979788	0.754395348	2.426609525	1.048339735	27	0	92.65206456		0.367127359		0.096100633		0.169228495	0.603780523	0.648022257	0.728829391	0.828994066	1.011837739	1.269816048	1.624204591
40		WN03_03	PM2.5	0.446979788	0.754395348	2.164064479	0.83376305	22	70.73572278	0		0		0.420080451		0.71953251	2.532339282	2.717298642	3.04729864	3.468346223	4.235957935	5.320182815	6.803245097
41		WN03_03	PM2.5	0.782214628	0.997971241	3.060449336	0.952872057	33	0	0		3.511446342		66.77519679		0.830260199	2.709559724	2.874786966	3.199696913	3.603215516	4.328341037	5.370679498	6.796814501
44		WN03_03	PM2.5	0.893959575	1.066876133	3.246096719	0.937983431	44	80.65052032	0		2.350286581		0.511374604		0.03933968	0	0	0	0	0	16.44847989	0
43		WN03_03	PM2.5	3.128858513	1.995942481	9.706438101	2.396205109	122	62.35594153	13.25768828		11.77973002		0		1.662424207	0	0	0.87507572	0	2.216071822	7.853075117	0
46		WN03_03	PM2.5	0.558724735	0.84343964	2.612256908	0.971905435	17	35.24069786	15.1264593		0		0.318989763		0.044803697	0	0	0.535061816	13.58404607	22.0625475	0	13.0873993
50		WN03_03	PM2.5	0.893959575	1.066876133	3.246096719	0.937983431	35	55.59334755	2.340618894		0.255122571		0		0	2.112375945	0	1.807411574	1.559523866	10.65322235	8.059363067	17.61901081
48		WN03_03	PM2.5	0.335234841	0.653325536	2.164064479	1.111684066	30	89.79305625	0		6.295154244		0.052138575		0.093911635	0.337790418	0.362766907	0.408450468	0.464702444	0.567510258	0.712569663	0.911951344
53		WN03_03	PM2.5	0.223489894	0.533438066	1.530224668	0.83376305	24	0	46.7377007		0.371533935		18.93396229		30.68419695	0.683094049	0.966382213	0.250221277	0.245055323	0.29524155	0.367021631	0.465600425
52		WN03_03	PM2.5	4.246307982	2.325202624	7.574225677	1.075115512	127	39.44095969	11.45319492		0		0.762615213		12.09321395	21.28865421	3.400607407	0	0	0	11.56074479	0
55		WN03_03	PM2.5	0.223489894	0.533438066	1.530224668	0.83376305	21	82.35263824	0		0		0.243505649		0.427917205	1.522979792	1.635876298	1.837753877	2.093067579	2.558792755	3.214358538	4.113119096
54		WN03_03	PM2.5	1.78791915	1.508790696	7.542373622	2.531968765	59	49.70802367	40.79685211		0		2.251499705		0.177557324	0.634731259	0.681428658	0.766516523	0.872079749	1.064810343	1.336587593	1.709909178
56		WN03_03	PM10	11.06274974	3.75306947	11.90235464	1.019043727	271	5.802140385	0	32.36931562	0		36.48773134		0.893930253	2.665771917	6.693211198	6.81900233	1.10652009	2.861981094	1.506962162	2.793434449
58		WN03_03	PM2.5	0.558724735	0.84343964	2.612256908	0.971905435	28	88.51667047	0		0		0		0.280269608	1.003586501	1.078385767	1.212679502	1.381301228	1.689089276	2.121955343	2.716065571
59		WN03_03	PM10	10.16879017	3.59823648	13.24693192	1.373255854	260	10.23643315	22.25456834		1.399862394		27.6578486		0.202024798	6.343268603	0	0	0	5.672117323	8.977759629	17.25610793
62		WN03_03	PM2.5	2.90536862	1.923338301	6.940385866	1.319338172	87	25.14074445	16.35413319		0		14.66246992		0	3.137045726	0	0	0	0.510156155	4.758663476	35.43678224
64		WN03_03	PM2.5	0.782214628	0.997971241	3.060449336	0.952872057	24	1.696956716	0		0.211312831		0		2.924964204	2.682533115	23.0593279	21.36014998	39.94683623	0	8.117916435	0
60		WN03_03	PM2.5	0.782214628	0.997971241	3.694289147	1.388436336	47	7.029390335	85.62962413		2.223138511		0		0.125603878	0.448866375	0.48173801	0.54199812	0.616362691	0.752147101	0.943848584	1.207284443
63		WN03_03	PM10	13.29764868	4.114740837	13.50947697	1.092175302	532	28.7813127	9.835635871		9.96055454	22.12945819	0.17427596		1.153481565	3.17729786	4.500310868	8.361174166	7.115405798	0	0.795633532	4.015453905
65		WN03_03	PM2.5	1.005704522	1.131593022	3.431744101	0.931857543	42	54.23299074	0		27.25657523		12.50225902		0	0	0	0	0	6.00817129	0	0
67		WN03_03	PM2.5	3.128858513	1.995942481	8.918802963	2.0231	123	59.43285823	4.381976649		3.740416467		0		7.369288802	25.07546544	0	0	0	0	0	0
69		WN03_03	PM2.5	0.446979788	0.754395348	2.426609525	1.048339735	21	44.88407075	0		39.00227845		8.129870147		0.162049825	0.565032428	0.606111949	0.680502225	0.770844659	5.199240148	0	0
71		WN03_03	PM2.5	2.234898938	1.68687928	6.197796336	1.367750394	91	18.62341762	30.07139862		7.785755396		0		0	25.43213069	4.846528172	0	0	0	13.24076504	0
74		WN03_03	PM2.5	1.229194416	1.251023157	3.87993653	0.974582929	57	0	29.71588075		65.03686309		0		2.305520698	0.26873243	0.28714377	0.322107109	0.364818517	0.442334032	0.552517455	0.704091741
73		WN03_03	PM2.5	1.45268431	1.360005555	4.590674005	1.154441146	77	43.97437274	14.21070397		3.55159007		1.907800511		0.518393517	2.040363848	3.277999163	0	0.484649884	21.68097645	5.632268265	2.720882185
75		WN03_03	PM2.5	0.223489894	0.533438066	1.530224668	0.83376305	12	73.8167882	0		0		0.371968909		0.641364604	2.263921686	2.430003881	2.726348303	3.103730828	3.791798651	4.76264134	6.091431156
76		WN03_03	PM2.5	1.117449469	1.192803778	3.694289147	0.971905435	62	16.10860378	35.87103784		9.888228029		0		0.029946753	0	0	0	17.73072183	20.37145346	0	0
77		WN03_03	PM2.5	0.223489894	0.533438066	1.530224668	0.83376305	13	0	68.80662441		1.692932658		0.148946373		13.65301162	2.102110907	4.623825848	1.675686054	1.283859741	1.559557207	1.956942864	2.496504039
78		WN03_03	PM2.5	0.558724735	0.84343964	3.060449336	1.33402088	27	0	1.985468157		0		12.49931157		0.149523804	0	9.399587661	0	0	53.75621319	17.5781548	4.631744698
84		WN03_03	PM2.5	3.352348407	2.065996747	6.492193438	1.00051566	98	28.20563912	39.01215494		3.043851443		2.214145288		0	0.081596046	3.944536671	5.79295978	0	0	14.75257725	2.952539548
80		WN03_03	PM2.5	0.223489894	0.533438066	1.530224668	0.83376305	18	37.72892952	0		13.90506923		0.015846737		0.025509222	0	0	0	48.32464159	0	0	0
83		WN03_03	PM2.5	0.670469681	0.923941834	3.060449336	1.111684066	46	64.04492259	0		3.381771967		24.37327504		0.171499909	5.744094029	2.284426242	0	0	0	0	0
82		WN03_03	PM2.5	1.229194416	1.251023157	5.595808581	2.027193743	68	85.14991403	0		11.36169806		0		0.03485294	0.541059347	0.481942669	0	0.462224893	0	0	1.968306676
85		WN03_03	PM2.5	1.45268431	1.360005555	4.328128958	1.026169907	39	31.68836534	16.92515165		8.793710917		0		0	0	0	28.93283069	12.92275935	0	0	0.737172831
86		WN03_03	PM2.5	0.223489894	0.533438066	1.530224668	0.83376305	21	72.48337269	0		0		0.053725298		0.092538545	4.696395248	15.669927	7.004050165	0	0	0	0
88		WN03_03	PM2.5	3.464093354	2.100147767	8.284963152	1.576818516	143	37.24379539	0		3.983834013		0.375011191		0	0.55111777	0.439525722	0	0	0	0	57.40670562
87		WN03_03	PM2.5	0.782214628	0.997971241	3.508641765	1.252397696	32	89.23612833	0		0		0.012990132		10.27347445	0.112526212	0.095231785	0	0.121625408	0.148027018	0	0
89		WN03_03	PM2.5	0.223489894	0.533438066	1.530224668	0.83376305	22	77.67113447	0		3.133986145		17.02582091		0	0	0	0.865529198	0.219269213	0.327169895	0.344659737	0.412429171
91		WN03_03	PM2.5	0.558724735	0.84343964	2.612256908	0.971905435	24	4.958064854	0.171764125		0		0		0.589861162	78.87555361	0	0	15.25833905	0.146415515	0	0
92		WN03_03	PM2.5	0.446979788	0.754395348	2.164064479	0.83376305	25	13.50728869	0		0		0.861462019		0.015863628	6.9731839	24.08566177	23.18284512	25.31906664	4.24772054	0	1.806907542
94		WN03_03	PM2.5	0.223489894	0.533438066	1.530224668	0.83376305	16	56.24563694	0		0		38.96713555		0	1.415888406	0.876442716	0.336964848	0.381452637	0.462604035	0.57786582	0.736008165
93		WN03_03	PM2.5	4.358052929	2.35559872	9.81518782	1.759117563	166	34.26438272	35.63862741		6.51005283		0		0	0	0	0	23.58692735	0	0	0
95		WN03_03	PM2.5	1.564429257	1.411344463	4.328128958	0.952872057	44	55.27670383	2.066700533		0		0		0.085466634	0	0	0	0	0	8.940586448	33.63054395
97		WN03_03	PM2.5	3.24060346	2.03127164	6.492193438	1.0350162	136	31.01166189	32.03301728		0		0.097385183		0.088564405	0	0	0	0	0	36.76937521	0
98		WN03_03	PM2.5	1.229194416	1.251023157	6.383443719	2.63802936	81	0	0		7.112054527		0		8.17861259	0	0	0	0	29.47198153	0	55.23735285
99		WN03_03	PM2.5	0.335234841	0.653325536	1.978417097	0.929130466	30	0	0.401469367		0.013863892		0.009582024		0	19.29998994	35.24704278	25.99077523	0	6.912154704	12.12512776	0
100		WN03_03	PM2.5	0.446979788	0.754395348	2.164064479	0.83376305	5	81.64970875	0		0		3.387940675		0.631127832	2.262961492	2.433707565	2.738239989	3.107606061	3.788707033	0	0
102		WN03_03	PM2.5	0.223489894	0.533438066	1.530224668	0.83376305	4	78.56446505	0		0		0.299651595		0.52208947	1.851336844	1.987992041	2.232016809	2.541692927	3.106437437	3.902125359	4.992196336
101		WN03_03	PM2.5	4.581542823	2.415243569	8.918802963	1.381629268	168	28.39234769	0.021999239		7.966658473	15.75049758	0		0.82587311	0	2.326498367	20.53165734	3.666407242	7.42848888	9.026382118	4.063185304
103		WN03_03	PM2.5	1.005704522	1.131593022	3.431744101	0.931857543	39	0	25.79299808		1.467637904		0.106170843		3.678431734	36.32778227	32.62698948	0	0	0	0	0
105		WN03_03	PM2.5	1.676174204	1.46088031	4.96196877	1.168904516	69	29.16055322	2.890780568		1.863124222		0		2.752144448	0	0	0	0	0	56.40279055	6.930606067
104		WN03_03	PM2.5	2.458388832	1.769213915	6.120898673	1.212746254	70	74.90311265	10.15511379		0		3.038399853		0	8.559112251	3.132778406	0	0.211488176	0	0	0
106		WN03_03	PM10	8.939595752	3.373758561	12.42744473	1.374788644	314	37.03477383	22.70666212		0		4.848320782		3.379778937	0	0	7.572308183	7.906483114	8.072177321	4.87312898	3.606368229
107		WN03_03	PM2.5	1.117449469	1.192803778	3.694289147	0.971905435	36	68.17221642	0		1.538357791		0		29.11796868	0.289841997	0.095030741	0.10653371	0.120532792	0.145903497	0.181981979	0.23162975
110		WN03_03	PM2.5	2.90536862	1.923338301	8.361860816	1.915114583	128	0	26.24863386		0		3.799375147		0.227324571	0	0	19.34913099	21.87704593	15.5210346	7.621685416	5.355765298
111		WN03_03	PM2.5	3.687583248	2.166835669	9.290097728	1.862468207	155	22.69220054	0		3.078569472		0		4.011353105	26.48538947	15.7115072	6.866333634	20.46824098	0	0	0.686412631
113		WN03_03	PM2.5	0.670469681	0.923941834	3.694289147	1.619842392	48	26.60151422	0		0		14.59150016		8.775616437	0.878148712	1.009824965	5.264459178	7.203666121	11.02070808	0	24.65457022
